Sentence,LenFacScore,Score,GoodBad,Filename,pair_id,field,linguistics_term,Grammar,good_score,bad_score,correct_pair
what did n't Name figure out she did n't have *T* ?,-16.9757483672162,-220.6847287738106,good,wh_island,166,syntax,island_effects,bigram1,-16.9757483672162,-17.01308889238314,TRUE
what did n't Name figure out who did n't have *T* ?,-17.01308889238314,-221.17015560098085,bad,wh_island,166,syntax,island_effects,bigram1,-16.9757483672162,-17.01308889238314,TRUE
what did n't Name figure out she did n't have *T* ?,-16.95677279383307,-220.4380463198299,good,wh_island,166,syntax,island_effects,bigram10,-16.95677279383307,-17.145959841420556,TRUE
what did n't Name figure out who did n't have *T* ?,-17.145959841420556,-222.8974779384672,bad,wh_island,166,syntax,island_effects,bigram10,-16.95677279383307,-17.145959841420556,TRUE
what did n't Name figure out she did n't have *T* ?,-16.935734895381493,-220.16455363995942,good,wh_island,166,syntax,island_effects,bigram2,-16.935734895381493,-17.074762197078233,TRUE
what did n't Name figure out who did n't have *T* ?,-17.074762197078233,-221.971908562017,bad,wh_island,166,syntax,island_effects,bigram2,-16.935734895381493,-17.074762197078233,TRUE
what did n't Name figure out she did n't have *T* ?,-16.960518231039398,-220.4867370035122,good,wh_island,166,syntax,island_effects,bigram3,-16.960518231039398,-17.15936150032564,TRUE
what did n't Name figure out who did n't have *T* ?,-17.15936150032564,-223.07169950423335,bad,wh_island,166,syntax,island_effects,bigram3,-16.960518231039398,-17.15936150032564,TRUE
what did n't Name figure out she did n't have *T* ?,-16.952068121270727,-220.37688557651944,good,wh_island,166,syntax,island_effects,bigram4,-16.952068121270727,-16.940375575621108,FALSE
what did n't Name figure out who did n't have *T* ?,-16.940375575621108,-220.2248824830744,bad,wh_island,166,syntax,island_effects,bigram4,-16.952068121270727,-16.940375575621108,FALSE
what did n't Name figure out she did n't have *T* ?,-16.929025793735512,-220.07733531856167,good,wh_island,166,syntax,island_effects,bigram5,-16.929025793735512,-16.966366318902455,TRUE
what did n't Name figure out who did n't have *T* ?,-16.966366318902455,-220.5627621457319,bad,wh_island,166,syntax,island_effects,bigram5,-16.929025793735512,-16.966366318902455,TRUE
what did n't Name figure out she did n't have *T* ?,-16.949095367647377,-220.33823977941591,good,wh_island,166,syntax,island_effects,bigram6,-16.949095367647377,-17.10294152149353,TRUE
what did n't Name figure out who did n't have *T* ?,-17.10294152149353,-222.33823977941591,bad,wh_island,166,syntax,island_effects,bigram6,-16.949095367647377,-17.10294152149353,TRUE
what did n't Name figure out she did n't have *T* ?,-16.88214425066027,-219.46787525858355,good,wh_island,166,syntax,island_effects,bigram7,-16.88214425066027,-16.947374781933732,TRUE
what did n't Name figure out who did n't have *T* ?,-16.947374781933732,-220.3158721651385,bad,wh_island,166,syntax,island_effects,bigram7,-16.88214425066027,-16.947374781933732,TRUE
what did n't Name figure out she did n't have *T* ?,-17.018304128148436,-221.23795366592967,good,wh_island,166,syntax,island_effects,bigram8,-17.018304128148436,-17.038537543981803,TRUE
what did n't Name figure out who did n't have *T* ?,-17.038537543981803,-221.50098807176346,bad,wh_island,166,syntax,island_effects,bigram8,-17.018304128148436,-17.038537543981803,TRUE
what did n't Name figure out she did n't have *T* ?,-16.91625855526261,-219.9113612184139,good,wh_island,166,syntax,island_effects,bigram9,-16.91625855526261,-16.926835749397217,TRUE
what did n't Name figure out who did n't have *T* ?,-16.926835749397217,-220.04886474216383,bad,wh_island,166,syntax,island_effects,bigram9,-16.91625855526261,-16.926835749397217,TRUE
what do those children know who were n't running around *T* ?,-18.98991720405613,-246.86892365272973,bad,wh_island,178,syntax,island_effects,bigram1,-18.84572727190874,-18.98991720405613,TRUE
what do those children know they were n't running around *T* ?,-18.84572727190874,-244.9944545348136,good,wh_island,178,syntax,island_effects,bigram1,-18.84572727190874,-18.98991720405613,TRUE
what do those children know who were n't running around *T* ?,-18.96429638479184,-246.53585300229392,bad,wh_island,178,syntax,island_effects,bigram10,-18.904480417202336,-18.96429638479184,TRUE
what do those children know they were n't running around *T* ?,-18.904480417202336,-245.75824542363037,good,wh_island,178,syntax,island_effects,bigram10,-18.904480417202336,-18.96429638479184,TRUE
what do those children know who were n't running around *T* ?,-18.97465078990621,-246.6704602687808,bad,wh_island,178,syntax,island_effects,bigram2,-18.84103805189343,-18.97465078990621,TRUE
what do those children know they were n't running around *T* ?,-18.84103805189343,-244.93349467461462,good,wh_island,178,syntax,island_effects,bigram2,-18.84103805189343,-18.97465078990621,TRUE
what do those children know who were n't running around *T* ?,-19.0588631223767,-247.7652205908971,bad,wh_island,178,syntax,island_effects,bigram3,-19.044044270227285,-19.0588631223767,TRUE
what do those children know they were n't running around *T* ?,-19.044044270227285,-247.5725755129547,good,wh_island,178,syntax,island_effects,bigram3,-19.044044270227285,-19.0588631223767,TRUE
what do those children know who were n't running around *T* ?,-19.115134411128587,-248.4967473446716,bad,wh_island,178,syntax,island_effects,bigram4,-18.988051588314764,-19.115134411128587,TRUE
what do those children know they were n't running around *T* ?,-18.988051588314764,-246.84467064809192,good,wh_island,178,syntax,island_effects,bigram4,-18.988051588314764,-19.115134411128587,TRUE
what do those children know who were n't running around *T* ?,-19.084517484180704,-248.09872729434917,bad,wh_island,178,syntax,island_effects,bigram5,-18.920094136199943,-19.084517484180704,TRUE
what do those children know they were n't running around *T* ?,-18.920094136199943,-245.96122377059925,good,wh_island,178,syntax,island_effects,bigram5,-18.920094136199943,-19.084517484180704,TRUE
what do those children know who were n't running around *T* ?,-19.017637607199724,-247.22928889359642,bad,wh_island,178,syntax,island_effects,bigram6,-18.85321425921896,-19.017637607199724,TRUE
what do those children know they were n't running around *T* ?,-18.85321425921896,-245.09178536984652,good,wh_island,178,syntax,island_effects,bigram6,-18.85321425921896,-19.017637607199724,TRUE
what do those children know who were n't running around *T* ?,-19.05084144341409,-247.66093876438316,bad,wh_island,178,syntax,island_effects,bigram7,-19.000681697523344,-19.05084144341409,TRUE
what do those children know they were n't running around *T* ?,-19.000681697523344,-247.00886206780348,good,wh_island,178,syntax,island_effects,bigram7,-19.000681697523344,-19.05084144341409,TRUE
what do those children know who were n't running around *T* ?,-18.969267114890314,-246.60047249357407,bad,wh_island,178,syntax,island_effects,bigram8,-18.83846405964869,-18.969267114890314,TRUE
what do those children know they were n't running around *T* ?,-18.83846405964869,-244.90003277543298,good,wh_island,178,syntax,island_effects,bigram8,-18.83846405964869,-18.969267114890314,TRUE
what do those children know who were n't running around *T* ?,-19.021326276860453,-247.27724159918588,bad,wh_island,178,syntax,island_effects,bigram9,-18.944403199937376,-19.021326276860453,TRUE
what do those children know they were n't running around *T* ?,-18.944403199937376,-246.27724159918588,good,wh_island,178,syntax,island_effects,bigram9,-18.944403199937376,-19.021326276860453,TRUE
what would n't Name realize she did n't bike to *T* ?,-18.25049822000947,-237.25647686012312,good,wh_island,181,syntax,island_effects,bigram1,-18.25049822000947,-18.36476182209949,TRUE
what would n't Name realize who did n't bike to *T* ?,-18.36476182209949,-238.74190368729333,bad,wh_island,181,syntax,island_effects,bigram1,-18.25049822000947,-18.36476182209949,TRUE
what would n't Name realize she did n't bike to *T* ?,-18.3407870707697,-238.4302319200061,good,wh_island,181,syntax,island_effects,bigram10,-18.3407870707697,-18.60689719528026,TRUE
what would n't Name realize who did n't bike to *T* ?,-18.60689719528026,-241.8896635386434,bad,wh_island,181,syntax,island_effects,bigram10,-18.3407870707697,-18.60689719528026,TRUE
what would n't Name realize she did n't bike to *T* ?,-18.31128401378802,-238.04669217924422,good,wh_island,181,syntax,island_effects,bigram2,-18.31128401378802,-18.527234392407838,TRUE
what would n't Name realize who did n't bike to *T* ?,-18.527234392407838,-240.85404710130183,bad,wh_island,181,syntax,island_effects,bigram2,-18.31128401378802,-18.527234392407838,TRUE
what would n't Name realize she did n't bike to *T* ?,-18.308861923515448,-238.01520500570084,good,wh_island,181,syntax,island_effects,bigram3,-18.308861923515448,-18.584628269724767,TRUE
what would n't Name realize who did n't bike to *T* ?,-18.584628269724767,-241.600167506422,bad,wh_island,181,syntax,island_effects,bigram3,-18.308861923515448,-18.584628269724767,TRUE
what would n't Name realize she did n't bike to *T* ?,-18.3385025248662,-238.4005328232606,good,wh_island,181,syntax,island_effects,bigram4,-18.3385025248662,-18.403733056139657,TRUE
what would n't Name realize who did n't bike to *T* ?,-18.403733056139657,-239.24852972981554,bad,wh_island,181,syntax,island_effects,bigram4,-18.3385025248662,-18.403733056139657,TRUE
what would n't Name realize she did n't bike to *T* ?,-18.181788824920165,-236.36325472396214,good,wh_island,181,syntax,island_effects,bigram5,-18.181788824920165,-18.296052427010185,TRUE
what would n't Name realize who did n't bike to *T* ?,-18.296052427010185,-237.8486815511324,bad,wh_island,181,syntax,island_effects,bigram5,-18.181788824920165,-18.296052427010185,TRUE
what would n't Name realize she did n't bike to *T* ?,-18.260050950465867,-237.38066235605626,good,wh_island,181,syntax,island_effects,bigram6,-18.260050950465867,-18.490820181235097,TRUE
what would n't Name realize who did n't bike to *T* ?,-18.490820181235097,-240.38066235605626,bad,wh_island,181,syntax,island_effects,bigram6,-18.260050950465867,-18.490820181235097,TRUE
what would n't Name realize she did n't bike to *T* ?,-18.2453600683726,-237.18968088884384,good,wh_island,181,syntax,island_effects,bigram7,-18.2453600683726,-18.310590599646066,TRUE
what would n't Name realize who did n't bike to *T* ?,-18.310590599646066,-238.0376777953988,bad,wh_island,181,syntax,island_effects,bigram7,-18.2453600683726,-18.310590599646066,TRUE
what would n't Name realize she did n't bike to *T* ?,-18.31310077233438,-238.07031004034693,good,wh_island,181,syntax,island_effects,bigram8,-18.31310077233438,-18.410257265090824,TRUE
what would n't Name realize who did n't bike to *T* ?,-18.410257265090824,-239.33334444618072,bad,wh_island,181,syntax,island_effects,bigram8,-18.31310077233438,-18.410257265090824,TRUE
what would n't Name realize she did n't bike to *T* ?,-18.3115878843825,-238.0506424969725,good,wh_island,181,syntax,island_effects,bigram9,-18.3115878843825,-18.399088155440182,TRUE
what would n't Name realize who did n't bike to *T* ?,-18.399088155440182,-239.18814602072243,bad,wh_island,181,syntax,island_effects,bigram9,-18.3115878843825,-18.399088155440182,TRUE
what could n't Name figure out who should walk through *T* ?,-19.440531126758252,-252.72690464785734,bad,wh_island,221,syntax,island_effects,bigram1,-19.51745420368133,-19.440531126758252,FALSE
what could n't Name figure out she should walk through *T* ?,-19.51745420368133,-253.72690464785734,good,wh_island,221,syntax,island_effects,bigram1,-19.51745420368133,-19.440531126758252,FALSE
what could n't Name figure out who should walk through *T* ?,-19.457035942129703,-252.94146724768615,bad,wh_island,221,syntax,island_effects,bigram10,-19.53395901905278,-19.457035942129703,FALSE
what could n't Name figure out she should walk through *T* ?,-19.53395901905278,-253.94146724768615,good,wh_island,221,syntax,island_effects,bigram10,-19.53395901905278,-19.457035942129703,FALSE
what could n't Name figure out who should walk through *T* ?,-19.55131648856725,-254.16711435137427,bad,wh_island,221,syntax,island_effects,bigram2,-19.62823956549033,-19.55131648856725,FALSE
what could n't Name figure out she should walk through *T* ?,-19.62823956549033,-255.16711435137427,good,wh_island,221,syntax,island_effects,bigram2,-19.62823956549033,-19.55131648856725,FALSE
what could n't Name figure out who should walk through *T* ?,-19.44222294504578,-252.74889828559517,bad,wh_island,221,syntax,island_effects,bigram3,-19.519146021968854,-19.44222294504578,FALSE
what could n't Name figure out she should walk through *T* ?,-19.519146021968854,-253.74889828559517,good,wh_island,221,syntax,island_effects,bigram3,-19.519146021968854,-19.44222294504578,FALSE
what could n't Name figure out who should walk through *T* ?,-19.469147071959053,-253.0989119354677,bad,wh_island,221,syntax,island_effects,bigram4,-19.54607014888213,-19.469147071959053,FALSE
what could n't Name figure out she should walk through *T* ?,-19.54607014888213,-254.0989119354677,good,wh_island,221,syntax,island_effects,bigram4,-19.54607014888213,-19.469147071959053,FALSE
what could n't Name figure out who should walk through *T* ?,-19.490389117138182,-253.37505852279642,bad,wh_island,221,syntax,island_effects,bigram5,-19.567312194061262,-19.490389117138182,FALSE
what could n't Name figure out she should walk through *T* ?,-19.567312194061262,-254.37505852279642,good,wh_island,221,syntax,island_effects,bigram5,-19.567312194061262,-19.490389117138182,FALSE
what could n't Name figure out who should walk through *T* ?,-19.45936866702339,-252.9717926713041,bad,wh_island,221,syntax,island_effects,bigram6,-19.536291743946467,-19.45936866702339,FALSE
what could n't Name figure out she should walk through *T* ?,-19.536291743946467,-253.9717926713041,good,wh_island,221,syntax,island_effects,bigram6,-19.536291743946467,-19.45936866702339,FALSE
what could n't Name figure out who should walk through *T* ?,-19.42917884606381,-252.57932499882952,bad,wh_island,221,syntax,island_effects,bigram7,-19.42917884606381,-19.42917884606381,FALSE
what could n't Name figure out she should walk through *T* ?,-19.42917884606381,-252.57932499882952,good,wh_island,221,syntax,island_effects,bigram7,-19.42917884606381,-19.42917884606381,FALSE
what could n't Name figure out who should walk through *T* ?,-19.47372830359192,-253.15846794669494,bad,wh_island,221,syntax,island_effects,bigram8,-19.550651380515,-19.47372830359192,FALSE
what could n't Name figure out she should walk through *T* ?,-19.550651380515,-254.15846794669494,good,wh_island,221,syntax,island_effects,bigram8,-19.550651380515,-19.47372830359192,FALSE
what could n't Name figure out who should walk through *T* ?,-19.409019790617982,-252.3172572780338,bad,wh_island,221,syntax,island_effects,bigram9,-19.485942867541063,-19.409019790617982,FALSE
what could n't Name figure out she should walk through *T* ?,-19.485942867541063,-253.3172572780338,good,wh_island,221,syntax,island_effects,bigram9,-19.485942867541063,-19.409019790617982,FALSE
what will Name find out who has run around *T* ?,-19.275216327540008,-231.3025959304801,bad,wh_island,222,syntax,island_effects,bigram1,-19.01792775743581,-19.275216327540008,TRUE
what will Name find out she has run around *T* ?,-19.01792775743581,-228.2151330892297,good,wh_island,222,syntax,island_effects,bigram1,-19.01792775743581,-19.275216327540008,TRUE
what will Name find out who has run around *T* ?,-19.1410834364492,-229.69300123739038,bad,wh_island,222,syntax,island_effects,bigram10,-18.852797468229426,-19.1410834364492,TRUE
what will Name find out she has run around *T* ?,-18.852797468229426,-226.23356961875308,good,wh_island,222,syntax,island_effects,bigram10,-18.852797468229426,-19.1410834364492,TRUE
what will Name find out who has run around *T* ?,-19.04674065861116,-228.56088790333388,bad,wh_island,222,syntax,island_effects,bigram2,-18.76991331737054,-19.04674065861116,TRUE
what will Name find out she has run around *T* ?,-18.76991331737054,-225.2389598084465,good,wh_island,222,syntax,island_effects,bigram2,-18.76991331737054,-19.04674065861116,TRUE
what will Name find out who has run around *T* ?,-19.13620354561098,-229.63444254733176,bad,wh_island,222,syntax,island_effects,bigram3,-18.911166902432555,-19.13620354561098,TRUE
what will Name find out she has run around *T* ?,-18.911166902432555,-226.93400282919066,good,wh_island,222,syntax,island_effects,bigram3,-18.911166902432555,-19.13620354561098,TRUE
what will Name find out who has run around *T* ?,-19.24683917651353,-230.9620701181624,bad,wh_island,222,syntax,island_effects,bigram4,-18.97001183527292,-19.24683917651353,TRUE
what will Name find out she has run around *T* ?,-18.97001183527292,-227.64014202327502,good,wh_island,222,syntax,island_effects,bigram4,-18.97001183527292,-19.24683917651353,TRUE
what will Name find out who has run around *T* ?,-19.08654024808365,-229.03848297700384,bad,wh_island,222,syntax,island_effects,bigram5,-18.815879621963354,-19.08654024808365,TRUE
what will Name find out she has run around *T* ?,-18.815879621963354,-225.79055546356025,good,wh_island,222,syntax,island_effects,bigram5,-18.815879621963354,-19.08654024808365,TRUE
what will Name find out who has run around *T* ?,-19.24582566989417,-230.94990803873006,bad,wh_island,222,syntax,island_effects,bigram6,-18.975165043773877,-19.24582566989417,TRUE
what will Name find out she has run around *T* ?,-18.975165043773877,-227.70198052528647,good,wh_island,222,syntax,island_effects,bigram6,-18.975165043773877,-19.24582566989417,TRUE
what will Name find out who has run around *T* ?,-19.308607581240494,-231.703290974886,bad,wh_island,222,syntax,island_effects,bigram7,-19.020321613020727,-19.308607581240494,TRUE
what will Name find out she has run around *T* ?,-19.020321613020727,-228.24385935624872,good,wh_island,222,syntax,island_effects,bigram7,-19.020321613020727,-19.308607581240494,TRUE
what will Name find out who has run around *T* ?,-19.040748378407752,-228.48898054089304,bad,wh_island,222,syntax,island_effects,bigram8,-18.758055259842852,-19.040748378407752,TRUE
what will Name find out she has run around *T* ?,-18.758055259842852,-225.09666311811426,good,wh_island,222,syntax,island_effects,bigram8,-18.758055259842852,-19.040748378407752,TRUE
what will Name find out who has run around *T* ?,-19.172620526602127,-230.07144631922554,bad,wh_island,222,syntax,island_effects,bigram9,-18.915331956497933,-19.172620526602127,TRUE
what will Name find out she has run around *T* ?,-18.915331956497933,-226.98398347797522,good,wh_island,222,syntax,island_effects,bigram9,-18.915331956497933,-19.172620526602127,TRUE
who would n't Name find out he had n't hugged *T* ?,-19.50773791348768,-253.60059287533983,good,wh_island,231,syntax,island_effects,bigram1,-19.50773791348768,-19.696924961075165,TRUE
who would n't Name find out who had n't hugged *T* ?,-19.696924961075165,-256.06002449397715,bad,wh_island,231,syntax,island_effects,bigram1,-19.50773791348768,-19.696924961075165,TRUE
who would n't Name find out he had n't hugged *T* ?,-19.575862783165284,-254.4862161811487,good,wh_island,231,syntax,island_effects,bigram10,-19.575862783165284,-19.774706052451528,TRUE
who would n't Name find out who had n't hugged *T* ?,-19.774706052451528,-257.07117868186987,bad,wh_island,231,syntax,island_effects,bigram10,-19.575862783165284,-19.774706052451528,TRUE
who would n't Name find out he had n't hugged *T* ?,-19.318096808173348,-251.13525850625354,good,wh_island,231,syntax,island_effects,bigram2,-19.318096808173348,-19.485014115976604,TRUE
who would n't Name find out who had n't hugged *T* ?,-19.485014115976604,-253.30518350769583,bad,wh_island,231,syntax,island_effects,bigram2,-19.318096808173348,-19.485014115976604,TRUE
who would n't Name find out he had n't hugged *T* ?,-19.44979154349337,-252.84729006541383,good,wh_island,231,syntax,island_effects,bigram3,-19.44979154349337,-19.60363769733953,TRUE
who would n't Name find out who had n't hugged *T* ?,-19.60363769733953,-254.84729006541383,bad,wh_island,231,syntax,island_effects,bigram3,-19.44979154349337,-19.60363769733953,TRUE
who would n't Name find out he had n't hugged *T* ?,-19.591990474210903,-254.69587616474172,good,wh_island,231,syntax,island_effects,bigram4,-19.591990474210903,-19.758907782014155,TRUE
who would n't Name find out who had n't hugged *T* ?,-19.758907782014155,-256.86580116618404,bad,wh_island,231,syntax,island_effects,bigram4,-19.591990474210903,-19.758907782014155,TRUE
who would n't Name find out he had n't hugged *T* ?,-19.43466073595471,-252.65058956741126,good,wh_island,231,syntax,island_effects,bigram5,-19.43466073595471,-19.613270589407584,TRUE
who would n't Name find out who had n't hugged *T* ?,-19.613270589407584,-254.9725176622986,bad,wh_island,231,syntax,island_effects,bigram5,-19.43466073595471,-19.613270589407584,TRUE
who would n't Name find out he had n't hugged *T* ?,-19.60874024410008,-254.91362317330098,good,wh_island,231,syntax,island_effects,bigram6,-19.60874024410008,-19.775657551903333,TRUE
who would n't Name find out who had n't hugged *T* ?,-19.775657551903333,-257.0835481747433,bad,wh_island,231,syntax,island_effects,bigram6,-19.60874024410008,-19.775657551903333,TRUE
who would n't Name find out he had n't hugged *T* ?,-19.448646201204284,-252.83240061565567,good,wh_island,231,syntax,island_effects,bigram7,-19.448646201204284,-19.7244125474136,TRUE
who would n't Name find out who had n't hugged *T* ?,-19.7244125474136,-256.4173631163768,bad,wh_island,231,syntax,island_effects,bigram7,-19.448646201204284,-19.7244125474136,TRUE
who would n't Name find out he had n't hugged *T* ?,-19.438142922403845,-252.69585799124997,good,wh_island,231,syntax,island_effects,bigram8,-19.438142922403845,-19.59198907625,TRUE
who would n't Name find out who had n't hugged *T* ?,-19.59198907625,-254.69585799124997,bad,wh_island,231,syntax,island_effects,bigram8,-19.438142922403845,-19.59198907625,TRUE
who would n't Name find out he had n't hugged *T* ?,-19.50655582885954,-253.585225775174,good,wh_island,231,syntax,island_effects,bigram9,-19.50655582885954,-19.673473136662796,TRUE
who would n't Name find out who had n't hugged *T* ?,-19.673473136662796,-255.75515077661632,bad,wh_island,231,syntax,island_effects,bigram9,-19.50655582885954,-19.673473136662796,TRUE
who could Name find out she watched *T* ?,-19.571645494827077,-195.71645494827072,good,wh_island,232,syntax,island_effects,bigram1,-19.571645494827077,-19.471645494827072,FALSE
who could Name find out who watched *T* ?,-19.471645494827072,-194.71645494827072,bad,wh_island,232,syntax,island_effects,bigram1,-19.571645494827077,-19.471645494827072,FALSE
who could Name find out she watched *T* ?,-19.39887163689177,-193.98871636891766,good,wh_island,232,syntax,island_effects,bigram10,-19.39887163689177,-19.298871636891768,FALSE
who could Name find out who watched *T* ?,-19.298871636891768,-192.98871636891766,bad,wh_island,232,syntax,island_effects,bigram10,-19.39887163689177,-19.298871636891768,FALSE
who could Name find out she watched *T* ?,-19.205987869002065,-192.0598786900206,good,wh_island,232,syntax,island_effects,bigram2,-19.205987869002065,-19.10598786900206,FALSE
who could Name find out who watched *T* ?,-19.10598786900206,-191.0598786900206,bad,wh_island,232,syntax,island_effects,bigram2,-19.205987869002065,-19.10598786900206,FALSE
who could Name find out she watched *T* ?,-19.357938154819337,-193.57938154819337,good,wh_island,232,syntax,island_effects,bigram3,-19.357938154819337,-19.257938154819332,FALSE
who could Name find out who watched *T* ?,-19.257938154819332,-192.57938154819337,bad,wh_island,232,syntax,island_effects,bigram3,-19.357938154819337,-19.257938154819332,FALSE
who could Name find out she watched *T* ?,-19.463790604776,-194.63790604776003,good,wh_island,232,syntax,island_effects,bigram4,-19.463790604776,-19.363790604776003,FALSE
who could Name find out who watched *T* ?,-19.363790604776003,-193.63790604776003,bad,wh_island,232,syntax,island_effects,bigram4,-19.463790604776,-19.363790604776003,FALSE
who could Name find out she watched *T* ?,-19.26123175821085,-192.61231758210852,good,wh_island,232,syntax,island_effects,bigram5,-19.26123175821085,-19.161231758210853,FALSE
who could Name find out who watched *T* ?,-19.161231758210853,-191.61231758210852,bad,wh_island,232,syntax,island_effects,bigram5,-19.26123175821085,-19.161231758210853,FALSE
who could Name find out she watched *T* ?,-19.452429172171385,-194.52429172171387,good,wh_island,232,syntax,island_effects,bigram6,-19.452429172171385,-19.352429172171387,FALSE
who could Name find out who watched *T* ?,-19.352429172171387,-193.52429172171387,bad,wh_island,232,syntax,island_effects,bigram6,-19.452429172171385,-19.352429172171387,FALSE
who could Name find out she watched *T* ?,-19.512001064397303,-195.12001064397305,good,wh_island,232,syntax,island_effects,bigram7,-19.512001064397303,-19.512001064397303,FALSE
who could Name find out who watched *T* ?,-19.512001064397303,-195.12001064397305,bad,wh_island,232,syntax,island_effects,bigram7,-19.512001064397303,-19.512001064397303,FALSE
who could Name find out she watched *T* ?,-19.451527364093185,-194.51527364093184,good,wh_island,232,syntax,island_effects,bigram8,-19.451527364093185,-19.351527364093183,FALSE
who could Name find out who watched *T* ?,-19.351527364093183,-193.51527364093184,bad,wh_island,232,syntax,island_effects,bigram8,-19.451527364093185,-19.351527364093183,FALSE
who could Name find out she watched *T* ?,-19.433820257820933,-194.33820257820935,good,wh_island,232,syntax,island_effects,bigram9,-19.433820257820933,-19.333820257820932,FALSE
who could Name find out who watched *T* ?,-19.333820257820932,-193.33820257820935,bad,wh_island,232,syntax,island_effects,bigram9,-19.433820257820933,-19.333820257820932,FALSE
who could Name remember who could n't listen to *T* ?,-19.518706079292773,-234.2244729515133,bad,wh_island,254,syntax,island_effects,bigram1,-19.386625870899348,-19.518706079292773,TRUE
who could Name remember she could n't listen to *T* ?,-19.386625870899348,-232.63951045079216,good,wh_island,254,syntax,island_effects,bigram1,-19.386625870899348,-19.518706079292773,TRUE
who could Name remember who could n't listen to *T* ?,-19.47219340214879,-233.66632082578548,bad,wh_island,254,syntax,island_effects,bigram10,-19.47219340214879,-19.47219340214879,FALSE
who could Name remember she could n't listen to *T* ?,-19.47219340214879,-233.66632082578548,good,wh_island,254,syntax,island_effects,bigram10,-19.47219340214879,-19.47219340214879,FALSE
who could Name remember who could n't listen to *T* ?,-19.482242063244268,-233.7869047589312,bad,wh_island,254,syntax,island_effects,bigram2,-19.39890872991093,-19.482242063244268,TRUE
who could Name remember she could n't listen to *T* ?,-19.39890872991093,-232.7869047589312,good,wh_island,254,syntax,island_effects,bigram2,-19.39890872991093,-19.482242063244268,TRUE
who could Name remember who could n't listen to *T* ?,-19.40771507704768,-232.89258092457217,bad,wh_island,254,syntax,island_effects,bigram3,-19.40771507704768,-19.40771507704768,FALSE
who could Name remember she could n't listen to *T* ?,-19.40771507704768,-232.89258092457217,good,wh_island,254,syntax,island_effects,bigram3,-19.40771507704768,-19.40771507704768,FALSE
who could Name remember who could n't listen to *T* ?,-19.50694241012154,-234.08330892145847,bad,wh_island,254,syntax,island_effects,bigram4,-19.37486220172811,-19.50694241012154,TRUE
who could Name remember she could n't listen to *T* ?,-19.37486220172811,-232.4983464207373,good,wh_island,254,syntax,island_effects,bigram4,-19.37486220172811,-19.50694241012154,TRUE
who could Name remember who could n't listen to *T* ?,-19.418486105843783,-233.0218332701254,bad,wh_island,254,syntax,island_effects,bigram5,-19.286405897450354,-19.418486105843783,TRUE
who could Name remember she could n't listen to *T* ?,-19.286405897450354,-231.43687076940424,good,wh_island,254,syntax,island_effects,bigram5,-19.286405897450354,-19.418486105843783,TRUE
who could Name remember who could n't listen to *T* ?,-19.458242564034823,-233.49891076841791,bad,wh_island,254,syntax,island_effects,bigram6,-19.37490923070149,-19.458242564034823,TRUE
who could Name remember she could n't listen to *T* ?,-19.37490923070149,-232.49891076841791,good,wh_island,254,syntax,island_effects,bigram6,-19.37490923070149,-19.458242564034823,TRUE
who could Name remember who could n't listen to *T* ?,-19.550976535027058,-234.61171842032468,bad,wh_island,254,syntax,island_effects,bigram7,-19.550976535027058,-19.550976535027058,FALSE
who could Name remember she could n't listen to *T* ?,-19.550976535027058,-234.61171842032468,good,wh_island,254,syntax,island_effects,bigram7,-19.550976535027058,-19.550976535027058,FALSE
who could Name remember who could n't listen to *T* ?,-19.53523270054663,-234.42279240655955,bad,wh_island,254,syntax,island_effects,bigram8,-19.451899367213297,-19.53523270054663,TRUE
who could Name remember she could n't listen to *T* ?,-19.451899367213297,-233.42279240655955,good,wh_island,254,syntax,island_effects,bigram8,-19.451899367213297,-19.53523270054663,TRUE
who could Name remember who could n't listen to *T* ?,-19.630565840832663,-235.566790089992,bad,wh_island,254,syntax,island_effects,bigram9,-19.54723250749933,-19.630565840832663,TRUE
who could Name remember she could n't listen to *T* ?,-19.54723250749933,-234.566790089992,good,wh_island,254,syntax,island_effects,bigram9,-19.54723250749933,-19.630565840832663,TRUE
who could Name find out he knows *T* ?,-19.67164549482707,-196.71645494827072,good,wh_island,256,syntax,island_effects,bigram1,-19.67164549482707,-19.571645494827077,FALSE
who could Name find out who knows *T* ?,-19.571645494827077,-195.71645494827072,bad,wh_island,256,syntax,island_effects,bigram1,-19.67164549482707,-19.571645494827077,FALSE
who could Name find out he knows *T* ?,-19.26667882740303,-192.6667882740303,good,wh_island,256,syntax,island_effects,bigram10,-19.26667882740303,-19.39887163689177,TRUE
who could Name find out who knows *T* ?,-19.39887163689177,-193.98871636891766,bad,wh_island,256,syntax,island_effects,bigram10,-19.26667882740303,-19.39887163689177,TRUE
who could Name find out he knows *T* ?,-19.0252523767963,-190.252523767963,good,wh_island,256,syntax,island_effects,bigram2,-19.0252523767963,-19.205987869002065,TRUE
who could Name find out who knows *T* ?,-19.205987869002065,-192.0598786900206,bad,wh_island,256,syntax,island_effects,bigram2,-19.0252523767963,-19.205987869002065,TRUE
who could Name find out he knows *T* ?,-19.1257453453306,-191.257453453306,good,wh_island,256,syntax,island_effects,bigram3,-19.1257453453306,-19.257938154819332,TRUE
who could Name find out who knows *T* ?,-19.257938154819332,-192.57938154819337,bad,wh_island,256,syntax,island_effects,bigram3,-19.1257453453306,-19.257938154819332,TRUE
who could Name find out he knows *T* ?,-19.30529435470389,-193.05294354703886,good,wh_island,256,syntax,island_effects,bigram4,-19.30529435470389,-19.463790604776,TRUE
who could Name find out who knows *T* ?,-19.463790604776,-194.63790604776003,bad,wh_island,256,syntax,island_effects,bigram4,-19.30529435470389,-19.463790604776,TRUE
who could Name find out he knows *T* ?,-19.202735508138737,-192.02735508138736,good,wh_island,256,syntax,island_effects,bigram5,-19.202735508138737,-19.26123175821085,TRUE
who could Name find out who knows *T* ?,-19.26123175821085,-192.61231758210852,bad,wh_island,256,syntax,island_effects,bigram5,-19.202735508138737,-19.26123175821085,TRUE
who could Name find out he knows *T* ?,-19.293932922099263,-192.93932922099268,good,wh_island,256,syntax,island_effects,bigram6,-19.293932922099263,-19.452429172171385,TRUE
who could Name find out who knows *T* ?,-19.452429172171385,-194.52429172171387,bad,wh_island,256,syntax,island_effects,bigram6,-19.293932922099263,-19.452429172171385,TRUE
who could Name find out he knows *T* ?,-19.379808254908568,-193.79808254908568,good,wh_island,256,syntax,island_effects,bigram7,-19.379808254908568,-19.612001064397305,TRUE
who could Name find out who knows *T* ?,-19.612001064397305,-196.12001064397305,bad,wh_island,256,syntax,island_effects,bigram7,-19.379808254908568,-19.612001064397305,TRUE
who could Name find out he knows *T* ?,-19.219334554604448,-192.19334554604447,good,wh_island,256,syntax,island_effects,bigram8,-19.219334554604448,-19.351527364093183,TRUE
who could Name find out who knows *T* ?,-19.351527364093183,-193.51527364093184,bad,wh_island,256,syntax,island_effects,bigram8,-19.219334554604448,-19.351527364093183,TRUE
who could Name find out he knows *T* ?,-19.433820257820933,-194.33820257820935,good,wh_island,256,syntax,island_effects,bigram9,-19.433820257820933,-19.433820257820933,FALSE
who could Name find out who knows *T* ?,-19.433820257820933,-194.33820257820935,bad,wh_island,256,syntax,island_effects,bigram9,-19.433820257820933,-19.433820257820933,FALSE
who will n't the girl remember who will love *T* ?,-19.69869535735764,-236.3843442882917,bad,wh_island,264,syntax,island_effects,bigram1,-19.566615148964207,-19.69869535735764,TRUE
who will n't the girl remember she will love *T* ?,-19.566615148964207,-234.7993817875705,good,wh_island,264,syntax,island_effects,bigram1,-19.566615148964207,-19.69869535735764,TRUE
who will n't the girl remember who will love *T* ?,-19.70393362804016,-236.4472035364819,bad,wh_island,264,syntax,island_effects,bigram10,-19.51043962013288,-19.70393362804016,TRUE
who will n't the girl remember she will love *T* ?,-19.51043962013288,-234.12527544159454,good,wh_island,264,syntax,island_effects,bigram10,-19.51043962013288,-19.70393362804016,TRUE
who will n't the girl remember who will love *T* ?,-19.639021688536044,-235.66826026243254,bad,wh_island,264,syntax,island_effects,bigram2,-19.445527680628768,-19.639021688536044,TRUE
who will n't the girl remember she will love *T* ?,-19.445527680628768,-233.3463321675452,good,wh_island,264,syntax,island_effects,bigram2,-19.445527680628768,-19.639021688536044,TRUE
who will n't the girl remember who will love *T* ?,-19.775947546559344,-237.31137055871213,bad,wh_island,264,syntax,island_effects,bigram3,-19.69261421322601,-19.775947546559344,TRUE
who will n't the girl remember she will love *T* ?,-19.69261421322601,-236.31137055871213,good,wh_island,264,syntax,island_effects,bigram3,-19.69261421322601,-19.775947546559344,TRUE
who will n't the girl remember who will love *T* ?,-19.84974714193784,-238.19696570325402,bad,wh_island,264,syntax,island_effects,bigram4,-19.656253134030557,-19.84974714193784,TRUE
who will n't the girl remember she will love *T* ?,-19.656253134030557,-235.87503760836665,good,wh_island,264,syntax,island_effects,bigram4,-19.656253134030557,-19.84974714193784,TRUE
who will n't the girl remember who will love *T* ?,-19.72071799554509,-236.64861594654113,bad,wh_island,264,syntax,island_effects,bigram5,-19.63738466221176,-19.72071799554509,TRUE
who will n't the girl remember she will love *T* ?,-19.63738466221176,-235.64861594654113,good,wh_island,264,syntax,island_effects,bigram5,-19.63738466221176,-19.72071799554509,TRUE
who will n't the girl remember who will love *T* ?,-19.760227433746344,-237.12272920495613,bad,wh_island,264,syntax,island_effects,bigram6,-19.59356076707968,-19.760227433746344,TRUE
who will n't the girl remember she will love *T* ?,-19.59356076707968,-235.12272920495613,good,wh_island,264,syntax,island_effects,bigram6,-19.59356076707968,-19.760227433746344,TRUE
who will n't the girl remember who will love *T* ?,-19.71764320169372,-236.61171842032468,bad,wh_island,264,syntax,island_effects,bigram7,-19.550976535027058,-19.71764320169372,TRUE
who will n't the girl remember she will love *T* ?,-19.550976535027058,-234.61171842032468,good,wh_island,264,syntax,island_effects,bigram7,-19.550976535027058,-19.71764320169372,TRUE
who will n't the girl remember who will love *T* ?,-19.687396917232043,-236.24876300678451,bad,wh_island,264,syntax,island_effects,bigram8,-19.493902909324763,-19.687396917232043,TRUE
who will n't the girl remember she will love *T* ?,-19.493902909324763,-233.92683491189715,good,wh_island,264,syntax,island_effects,bigram8,-19.493902909324763,-19.687396917232043,TRUE
who will n't the girl remember who will love *T* ?,-19.83589476581265,-238.0307371897518,bad,wh_island,264,syntax,island_effects,bigram9,-19.669228099145982,-19.83589476581265,TRUE
who will n't the girl remember she will love *T* ?,-19.669228099145982,-236.0307371897518,good,wh_island,264,syntax,island_effects,bigram9,-19.669228099145982,-19.83589476581265,TRUE
what might Name find out he has *T* ?,-18.64504492980094,-186.4504492980094,good,wh_island,274,syntax,island_effects,bigram1,-18.64504492980094,-19.025780422006704,TRUE
what might Name find out who has *T* ?,-19.025780422006704,-190.25780422006704,bad,wh_island,274,syntax,island_effects,bigram1,-18.64504492980094,-19.025780422006704,TRUE
what might Name find out he has *T* ?,-18.500569537933025,-185.00569537933026,good,wh_island,274,syntax,island_effects,bigram10,-18.500569537933025,-18.8649551569105,TRUE
what might Name find out who has *T* ?,-18.8649551569105,-188.649551569105,bad,wh_island,274,syntax,island_effects,bigram10,-18.500569537933025,-18.8649551569105,TRUE
what might Name find out he has *T* ?,-18.206072262770363,-182.06072262770363,good,wh_island,274,syntax,island_effects,bigram2,-18.206072262770363,-18.59676132233122,TRUE
what might Name find out who has *T* ?,-18.59676132233122,-185.96761322331218,bad,wh_island,274,syntax,island_effects,bigram2,-18.206072262770363,-18.59676132233122,TRUE
what might Name find out he has *T* ?,-18.310247814512092,-183.10247814512095,good,wh_island,274,syntax,island_effects,bigram3,-18.310247814512092,-18.680291786326205,TRUE
what might Name find out who has *T* ?,-18.680291786326205,-186.80291786326205,bad,wh_island,274,syntax,island_effects,bigram3,-18.310247814512092,-18.680291786326205,TRUE
what might Name find out he has *T* ?,-18.658561459818145,-186.58561459818145,good,wh_island,274,syntax,island_effects,bigram4,-18.658561459818145,-19.02860543163225,TRUE
what might Name find out who has *T* ?,-19.02860543163225,-190.28605431632255,bad,wh_island,274,syntax,island_effects,bigram4,-18.658561459818145,-19.02860543163225,TRUE
what might Name find out he has *T* ?,-18.424402939657387,-184.24402939657386,good,wh_island,274,syntax,island_effects,bigram5,-18.424402939657387,-18.794446911471496,TRUE
what might Name find out who has *T* ?,-18.794446911471496,-187.94446911471496,bad,wh_island,274,syntax,island_effects,bigram5,-18.424402939657387,-18.794446911471496,TRUE
what might Name find out he has *T* ?,-18.595815782736363,-185.95815782736364,good,wh_island,274,syntax,island_effects,bigram6,-18.595815782736363,-18.96020140171384,TRUE
what might Name find out who has *T* ?,-18.96020140171384,-189.60201401713837,bad,wh_island,274,syntax,island_effects,bigram6,-18.595815782736363,-18.96020140171384,TRUE
what might Name find out he has *T* ?,-18.56850373840386,-185.6850373840386,good,wh_island,274,syntax,island_effects,bigram7,-18.56850373840386,-19.014446900267583,TRUE
what might Name find out who has *T* ?,-19.014446900267583,-190.14446900267586,bad,wh_island,274,syntax,island_effects,bigram7,-18.56850373840386,-19.014446900267583,TRUE
what might Name find out he has *T* ?,-18.29961577678457,-182.9961577678457,good,wh_island,274,syntax,island_effects,bigram8,-18.29961577678457,-18.66965974859868,TRUE
what might Name find out who has *T* ?,-18.66965974859868,-186.69659748598679,bad,wh_island,274,syntax,island_effects,bigram8,-18.29961577678457,-18.66965974859868,TRUE
what might Name find out he has *T* ?,-18.574974940305143,-185.74974940305142,good,wh_island,274,syntax,island_effects,bigram9,-18.574974940305143,-18.933471190377254,TRUE
what might Name find out who has *T* ?,-18.933471190377254,-189.3347119037726,bad,wh_island,274,syntax,island_effects,bigram9,-18.574974940305143,-18.933471190377254,TRUE
what has Name learned he might fix *T* ?,-19.167284171934583,-191.67284171934585,good,wh_island,294,syntax,island_effects,bigram1,-19.167284171934583,-19.325780422006705,TRUE
what has Name learned who might fix *T* ?,-19.325780422006705,-193.25780422006704,bad,wh_island,294,syntax,island_effects,bigram1,-19.167284171934583,-19.325780422006705,TRUE
what has Name learned he might fix *T* ?,-18.81641247419348,-188.16412474193476,good,wh_island,294,syntax,island_effects,bigram10,-18.81641247419348,-19.09714796639924,TRUE
what has Name learned who might fix *T* ?,-19.09714796639924,-190.97147966399237,bad,wh_island,294,syntax,island_effects,bigram10,-18.81641247419348,-19.09714796639924,TRUE
what has Name learned he might fix *T* ?,-19.02895413181995,-190.28954131819953,good,wh_island,294,syntax,island_effects,bigram2,-19.02895413181995,-19.228954131819957,TRUE
what has Name learned who might fix *T* ?,-19.228954131819957,-192.28954131819953,bad,wh_island,294,syntax,island_effects,bigram2,-19.02895413181995,-19.228954131819957,TRUE
what has Name learned he might fix *T* ?,-19.070980845887057,-190.70980845887058,good,wh_island,294,syntax,island_effects,bigram3,-19.070980845887057,-19.27098084588706,TRUE
what has Name learned who might fix *T* ?,-19.27098084588706,-192.70980845887058,bad,wh_island,294,syntax,island_effects,bigram3,-19.070980845887057,-19.27098084588706,TRUE
what has Name learned he might fix *T* ?,-18.837916372071405,-188.37916372071405,good,wh_island,294,syntax,island_effects,bigram4,-18.837916372071405,-19.09641262214352,TRUE
what has Name learned who might fix *T* ?,-19.09641262214352,-190.96412622143518,bad,wh_island,294,syntax,island_effects,bigram4,-18.837916372071405,-19.09641262214352,TRUE
what has Name learned he might fix *T* ?,-18.7844933441164,-187.84493344116402,good,wh_island,294,syntax,island_effects,bigram5,-18.7844933441164,-19.04298959418852,TRUE
what has Name learned who might fix *T* ?,-19.04298959418852,-190.42989594188518,bad,wh_island,294,syntax,island_effects,bigram5,-18.7844933441164,-19.04298959418852,TRUE
what has Name learned he might fix *T* ?,-18.98650484229722,-189.8650484229722,good,wh_island,294,syntax,island_effects,bigram6,-18.98650484229722,-19.218697651785952,TRUE
what has Name learned who might fix *T* ?,-19.218697651785952,-192.1869765178595,bad,wh_island,294,syntax,island_effects,bigram6,-18.98650484229722,-19.218697651785952,TRUE
what has Name learned he might fix *T* ?,-19.165904217550565,-191.65904217550565,good,wh_island,294,syntax,island_effects,bigram7,-19.165904217550565,-19.44663970975632,TRUE
what has Name learned who might fix *T* ?,-19.44663970975632,-194.46639709756323,bad,wh_island,294,syntax,island_effects,bigram7,-19.165904217550565,-19.44663970975632,TRUE
what has Name learned he might fix *T* ?,-18.9433563080153,-189.433563080153,good,wh_island,294,syntax,island_effects,bigram8,-18.9433563080153,-19.1433563080153,TRUE
what has Name learned who might fix *T* ?,-19.1433563080153,-191.433563080153,bad,wh_island,294,syntax,island_effects,bigram8,-18.9433563080153,-19.1433563080153,TRUE
what has Name learned he might fix *T* ?,-19.133471190377257,-191.3347119037726,good,wh_island,294,syntax,island_effects,bigram9,-19.133471190377257,-19.33347119037726,TRUE
what has Name learned who might fix *T* ?,-19.33347119037726,-193.3347119037726,bad,wh_island,294,syntax,island_effects,bigram9,-19.133471190377257,-19.33347119037726,TRUE
what could Name figure out who has left *T* ?,-19.328907509093145,-212.61798260002456,bad,wh_island,30,syntax,island_effects,bigram1,-19.04822906897948,-19.328907509093145,TRUE
what could Name figure out she has left *T* ?,-19.04822906897948,-209.53051975877423,good,wh_island,30,syntax,island_effects,bigram1,-19.04822906897948,-19.328907509093145,TRUE
what could Name figure out who has left *T* ?,-19.290315769356997,-212.19347346292693,bad,wh_island,30,syntax,island_effects,bigram10,-18.97582198584451,-19.290315769356997,TRUE
what could Name figure out she has left *T* ?,-18.97582198584451,-208.73404184428964,good,wh_island,30,syntax,island_effects,bigram10,-18.97582198584451,-19.290315769356997,TRUE
what could Name figure out who has left *T* ?,-19.292517805557026,-212.21769586112728,bad,wh_island,30,syntax,island_effects,bigram2,-18.990524342385445,-19.292517805557026,TRUE
what could Name figure out she has left *T* ?,-18.990524342385445,-208.8957677662399,good,wh_island,30,syntax,island_effects,bigram2,-18.990524342385445,-19.292517805557026,TRUE
what could Name figure out who has left *T* ?,-19.303530669996704,-212.33883736996376,bad,wh_island,30,syntax,island_effects,bigram3,-19.05803615016569,-19.303530669996704,TRUE
what could Name figure out she has left *T* ?,-19.05803615016569,-209.63839765182266,good,wh_island,30,syntax,island_effects,bigram3,-19.05803615016569,-19.303530669996704,TRUE
what could Name figure out who has left *T* ?,-19.294406505680943,-212.23847156249042,bad,wh_island,30,syntax,island_effects,bigram4,-18.99241304250937,-19.294406505680943,TRUE
what could Name figure out she has left *T* ?,-18.99241304250937,-208.91654346760305,good,wh_island,30,syntax,island_effects,bigram4,-18.99241304250937,-19.294406505680943,TRUE
what could Name figure out who has left *T* ?,-19.24568258444961,-211.70250842894578,bad,wh_island,30,syntax,island_effects,bigram5,-18.95041644686384,-19.24568258444961,TRUE
what could Name figure out she has left *T* ?,-18.95041644686384,-208.4545809155022,good,wh_island,30,syntax,island_effects,bigram5,-18.95041644686384,-19.24568258444961,TRUE
what could Name figure out who has left *T* ?,-19.163706946526958,-210.80077641179648,bad,wh_island,30,syntax,island_effects,bigram6,-18.868440808941173,-19.163706946526958,TRUE
what could Name figure out she has left *T* ?,-18.868440808941173,-207.5528488983529,good,wh_island,30,syntax,island_effects,bigram6,-18.868440808941173,-19.163706946526958,TRUE
what could Name figure out who has left *T* ?,-19.32137056358629,-212.53507619944918,bad,wh_island,30,syntax,island_effects,bigram7,-19.006876780073807,-19.32137056358629,TRUE
what could Name figure out she has left *T* ?,-19.006876780073807,-209.07564458081185,good,wh_island,30,syntax,island_effects,bigram7,-19.006876780073807,-19.32137056358629,TRUE
what could Name figure out who has left *T* ?,-19.30895512449828,-212.39850636948108,bad,wh_island,30,syntax,island_effects,bigram8,-19.00056263151839,-19.30895512449828,TRUE
what could Name figure out she has left *T* ?,-19.00056263151839,-209.0061889467023,good,wh_island,30,syntax,island_effects,bigram8,-19.00056263151839,-19.30895512449828,TRUE
what could Name figure out who has left *T* ?,-19.27232366925997,-211.99556036185965,bad,wh_island,30,syntax,island_effects,bigram9,-18.9916452291463,-19.27232366925997,TRUE
what could Name figure out she has left *T* ?,-18.9916452291463,-208.90809752060932,good,wh_island,30,syntax,island_effects,bigram9,-18.9916452291463,-19.27232366925997,TRUE
what had n't Name found out who broke *T* ?,-19.49690722787087,-214.46597950657957,bad,wh_island,302,syntax,island_effects,bigram1,-19.58781631877996,-19.49690722787087,FALSE
what had n't Name found out she broke *T* ?,-19.58781631877996,-215.46597950657957,good,wh_island,302,syntax,island_effects,bigram1,-19.58781631877996,-19.49690722787087,FALSE
what had n't Name found out who broke *T* ?,-19.44822173246301,-213.93043905709314,bad,wh_island,302,syntax,island_effects,bigram10,-19.539130823372105,-19.44822173246301,FALSE
what had n't Name found out she broke *T* ?,-19.539130823372105,-214.93043905709314,good,wh_island,302,syntax,island_effects,bigram10,-19.539130823372105,-19.44822173246301,FALSE
what had n't Name found out who broke *T* ?,-19.38342689646612,-213.21769586112728,bad,wh_island,302,syntax,island_effects,bigram2,-19.47433598737521,-19.38342689646612,FALSE
what had n't Name found out she broke *T* ?,-19.47433598737521,-214.21769586112728,good,wh_island,302,syntax,island_effects,bigram2,-19.47433598737521,-19.38342689646612,FALSE
what had n't Name found out who broke *T* ?,-19.461436633102725,-214.07580296413,bad,wh_island,302,syntax,island_effects,bigram3,-19.55234572401182,-19.461436633102725,FALSE
what had n't Name found out she broke *T* ?,-19.55234572401182,-215.07580296413,good,wh_island,302,syntax,island_effects,bigram3,-19.55234572401182,-19.461436633102725,FALSE
what had n't Name found out who broke *T* ?,-19.38531559659004,-213.23847156249042,bad,wh_island,302,syntax,island_effects,bigram4,-19.47622468749913,-19.38531559659004,FALSE
what had n't Name found out she broke *T* ?,-19.47622468749913,-214.23847156249042,good,wh_island,302,syntax,island_effects,bigram4,-19.47622468749913,-19.38531559659004,FALSE
what had n't Name found out who broke *T* ?,-19.36050389407087,-212.96554283477957,bad,wh_island,302,syntax,island_effects,bigram5,-19.45141298497996,-19.36050389407087,FALSE
what had n't Name found out she broke *T* ?,-19.45141298497996,-213.96554283477957,good,wh_island,302,syntax,island_effects,bigram5,-19.45141298497996,-19.36050389407087,FALSE
what had n't Name found out who broke *T* ?,-19.37479131878944,-213.12270450668385,bad,wh_island,302,syntax,island_effects,bigram6,-19.46570040969853,-19.37479131878944,FALSE
what had n't Name found out she broke *T* ?,-19.46570040969853,-214.12270450668385,good,wh_island,302,syntax,island_effects,bigram6,-19.46570040969853,-19.37479131878944,FALSE
what had n't Name found out who broke *T* ?,-19.532454935848776,-214.85700429433655,bad,wh_island,302,syntax,island_effects,bigram7,-19.532454935848776,-19.532454935848776,FALSE
what had n't Name found out she broke *T* ?,-19.532454935848776,-214.85700429433655,good,wh_island,302,syntax,island_effects,bigram7,-19.532454935848776,-19.532454935848776,FALSE
what had n't Name found out who broke *T* ?,-19.45304262456384,-213.98346887020224,bad,wh_island,302,syntax,island_effects,bigram8,-19.54395171547293,-19.45304262456384,FALSE
what had n't Name found out she broke *T* ?,-19.54395171547293,-214.98346887020224,good,wh_island,302,syntax,island_effects,bigram8,-19.54395171547293,-19.45304262456384,FALSE
what had n't Name found out who broke *T* ?,-19.416411169325528,-213.5805228625808,bad,wh_island,302,syntax,island_effects,bigram9,-19.507320260234614,-19.416411169325528,FALSE
what had n't Name found out she broke *T* ?,-19.507320260234614,-214.5805228625808,good,wh_island,302,syntax,island_effects,bigram9,-19.507320260234614,-19.416411169325528,FALSE
who does Name remember who did talk to *T* ?,-18.85034779973261,-207.3538257970587,bad,wh_island,33,syntax,island_effects,bigram1,-18.639263427470123,-18.85034779973261,TRUE
who does Name remember he did talk to *T* ?,-18.639263427470123,-205.03189770217134,good,wh_island,33,syntax,island_effects,bigram1,-18.639263427470123,-18.85034779973261,TRUE
who does Name remember who did talk to *T* ?,-19.175432168547378,-210.92975385402116,bad,wh_island,33,syntax,island_effects,bigram10,-18.7761305846584,-19.175432168547378,TRUE
who does Name remember he did talk to *T* ?,-18.7761305846584,-206.53743643124238,good,wh_island,33,syntax,island_effects,bigram10,-18.7761305846584,-19.175432168547378,TRUE
who does Name remember who did talk to *T* ?,-19.008474133603677,-209.09321546964043,bad,wh_island,33,syntax,island_effects,bigram2,-18.55392867905822,-19.008474133603677,TRUE
who does Name remember he did talk to *T* ?,-18.55392867905822,-204.09321546964043,good,wh_island,33,syntax,island_effects,bigram2,-18.55392867905822,-19.008474133603677,TRUE
who does Name remember who did talk to *T* ?,-18.990998357644937,-208.9009819340943,bad,wh_island,33,syntax,island_effects,bigram3,-18.549363721724248,-18.990998357644937,TRUE
who does Name remember he did talk to *T* ?,-18.549363721724248,-204.0430009389667,good,wh_island,33,syntax,island_effects,bigram3,-18.549363721724248,-18.990998357644937,TRUE
who does Name remember who did talk to *T* ?,-18.93349047264005,-208.26839519904055,bad,wh_island,33,syntax,island_effects,bigram4,-18.717262143253347,-18.93349047264005,TRUE
who does Name remember he did talk to *T* ?,-18.717262143253347,-205.88988357578683,good,wh_island,33,syntax,island_effects,bigram4,-18.717262143253347,-18.93349047264005,TRUE
who does Name remember who did talk to *T* ?,-18.844867390844414,-207.29354129928856,bad,wh_island,33,syntax,island_effects,bigram5,-18.633783018581926,-18.844867390844414,TRUE
who does Name remember he did talk to *T* ?,-18.633783018581926,-204.9716132044012,good,wh_island,33,syntax,island_effects,bigram5,-18.633783018581926,-18.844867390844414,TRUE
who does Name remember who did talk to *T* ?,-19.02233641724885,-209.24570058973742,bad,wh_island,33,syntax,island_effects,bigram6,-18.611103512152763,-19.02233641724885,TRUE
who does Name remember he did talk to *T* ?,-18.611103512152763,-204.72213863368037,good,wh_island,33,syntax,island_effects,bigram6,-18.611103512152763,-19.02233641724885,TRUE
who does Name remember who did talk to *T* ?,-18.811708144613576,-206.92878959074932,bad,wh_island,33,syntax,island_effects,bigram7,-18.600623772351085,-18.811708144613576,TRUE
who does Name remember he did talk to *T* ?,-18.600623772351085,-204.60686149586195,good,wh_island,33,syntax,island_effects,bigram7,-18.600623772351085,-18.811708144613576,TRUE
who does Name remember who did talk to *T* ?,-18.92144736566765,-208.1359210223441,bad,wh_island,33,syntax,island_effects,bigram8,-18.72129883283404,-18.92144736566765,TRUE
who does Name remember he did talk to *T* ?,-18.72129883283404,-205.93428716117447,good,wh_island,33,syntax,island_effects,bigram8,-18.72129883283404,-18.92144736566765,TRUE
who does Name remember who did talk to *T* ?,-18.91856666118077,-208.10423327298847,bad,wh_island,33,syntax,island_effects,bigram9,-18.692618767801655,-18.91856666118077,TRUE
who does Name remember he did talk to *T* ?,-18.692618767801655,-205.61880644581822,good,wh_island,33,syntax,island_effects,bigram9,-18.692618767801655,-18.91856666118077,TRUE
who did n't Name learn who works with *T* ?,-18.619824299485305,-204.81806729433833,bad,wh_island,335,syntax,island_effects,bigram1,-18.619824299485305,-18.619824299485305,FALSE
who did n't Name learn she works with *T* ?,-18.619824299485305,-204.81806729433833,good,wh_island,335,syntax,island_effects,bigram1,-18.619824299485305,-18.619824299485305,FALSE
who did n't Name learn who works with *T* ?,-18.92771464474141,-208.2048610921555,bad,wh_island,335,syntax,island_effects,bigram10,-18.92771464474141,-18.92771464474141,FALSE
who did n't Name learn she works with *T* ?,-18.92771464474141,-208.2048610921555,good,wh_island,335,syntax,island_effects,bigram10,-18.92771464474141,-18.92771464474141,FALSE
who did n't Name learn who works with *T* ?,-18.7851401657844,-206.63654182362836,bad,wh_island,335,syntax,island_effects,bigram2,-18.7851401657844,-18.7851401657844,FALSE
who did n't Name learn she works with *T* ?,-18.7851401657844,-206.63654182362836,good,wh_island,335,syntax,island_effects,bigram2,-18.7851401657844,-18.7851401657844,FALSE
who did n't Name learn who works with *T* ?,-18.873838245740192,-207.61222070314213,bad,wh_island,335,syntax,island_effects,bigram3,-18.873838245740192,-18.873838245740192,FALSE
who did n't Name learn she works with *T* ?,-18.873838245740192,-207.61222070314213,good,wh_island,335,syntax,island_effects,bigram3,-18.873838245740192,-18.873838245740192,FALSE
who did n't Name learn who works with *T* ?,-18.595208728212125,-204.54729601033335,bad,wh_island,335,syntax,island_effects,bigram4,-18.595208728212125,-18.595208728212125,FALSE
who did n't Name learn she works with *T* ?,-18.595208728212125,-204.54729601033335,good,wh_island,335,syntax,island_effects,bigram4,-18.595208728212125,-18.595208728212125,FALSE
who did n't Name learn who works with *T* ?,-18.66659763917493,-205.33257403092423,bad,wh_island,335,syntax,island_effects,bigram5,-18.66659763917493,-18.66659763917493,FALSE
who did n't Name learn she works with *T* ?,-18.66659763917493,-205.33257403092423,good,wh_island,335,syntax,island_effects,bigram5,-18.66659763917493,-18.66659763917493,FALSE
who did n't Name learn who works with *T* ?,-18.84539162611429,-207.2993078872572,bad,wh_island,335,syntax,island_effects,bigram6,-18.84539162611429,-18.84539162611429,FALSE
who did n't Name learn she works with *T* ?,-18.84539162611429,-207.2993078872572,good,wh_island,335,syntax,island_effects,bigram6,-18.84539162611429,-18.84539162611429,FALSE
who did n't Name learn who works with *T* ?,-18.583082062387074,-204.4139026862578,bad,wh_island,335,syntax,island_effects,bigram7,-18.583082062387074,-18.583082062387074,FALSE
who did n't Name learn she works with *T* ?,-18.583082062387074,-204.4139026862578,good,wh_island,335,syntax,island_effects,bigram7,-18.583082062387074,-18.583082062387074,FALSE
who did n't Name learn who works with *T* ?,-18.675488034619036,-205.43036838080937,bad,wh_island,335,syntax,island_effects,bigram8,-18.675488034619036,-18.675488034619036,FALSE
who did n't Name learn she works with *T* ?,-18.675488034619036,-205.43036838080937,good,wh_island,335,syntax,island_effects,bigram8,-18.675488034619036,-18.675488034619036,FALSE
who did n't Name learn who works with *T* ?,-18.693471093889244,-205.6281820327817,bad,wh_island,335,syntax,island_effects,bigram9,-18.693471093889244,-18.693471093889244,FALSE
who did n't Name learn she works with *T* ?,-18.693471093889244,-205.6281820327817,good,wh_island,335,syntax,island_effects,bigram9,-18.693471093889244,-18.693471093889244,FALSE
who will Name know who discovers *T* ?,-19.19681267417689,-172.77131406759202,bad,wh_island,338,syntax,island_effects,bigram1,-19.484030729812577,-19.19681267417689,FALSE
who will Name know she discovers *T* ?,-19.484030729812577,-175.3562765683132,good,wh_island,338,syntax,island_effects,bigram1,-19.484030729812577,-19.19681267417689,FALSE
who will Name know who discovers *T* ?,-19.060481127627405,-171.54433014864665,bad,wh_island,338,syntax,island_effects,bigram10,-19.1963025077759,-19.060481127627405,FALSE
who will Name know she discovers *T* ?,-19.1963025077759,-172.7667225699831,good,wh_island,338,syntax,island_effects,bigram10,-19.1963025077759,-19.060481127627405,FALSE
who will Name know who discovers *T* ?,-19.01463601634365,-171.13172414709285,bad,wh_island,338,syntax,island_effects,bigram2,-19.12574712745476,-19.01463601634365,FALSE
who will Name know she discovers *T* ?,-19.12574712745476,-172.13172414709285,good,wh_island,338,syntax,island_effects,bigram2,-19.12574712745476,-19.01463601634365,FALSE
who will Name know who discovers *T* ?,-19.04511468009737,-171.40603212087638,bad,wh_island,338,syntax,island_effects,bigram3,-19.18093606024587,-19.04511468009737,FALSE
who will Name know she discovers *T* ?,-19.18093606024587,-172.62842454221283,good,wh_island,338,syntax,island_effects,bigram3,-19.18093606024587,-19.04511468009737,FALSE
who will Name know who discovers *T* ?,-19.051455153361744,-171.4630963802557,bad,wh_island,338,syntax,island_effects,bigram4,-19.18727653351024,-19.051455153361744,FALSE
who will Name know she discovers *T* ?,-19.18727653351024,-172.68548880159216,good,wh_island,338,syntax,island_effects,bigram4,-19.18727653351024,-19.051455153361744,FALSE
who will Name know who discovers *T* ?,-19.23856222412283,-173.14706001710547,bad,wh_island,338,syntax,island_effects,bigram5,-19.3204472901413,-19.23856222412283,FALSE
who will Name know she discovers *T* ?,-19.3204472901413,-173.88402561127168,good,wh_island,338,syntax,island_effects,bigram5,-19.3204472901413,-19.23856222412283,FALSE
who will Name know who discovers *T* ?,-19.0946220154137,-171.85159813872332,bad,wh_island,338,syntax,island_effects,bigram6,-19.17650708143217,-19.0946220154137,FALSE
who will Name know she discovers *T* ?,-19.17650708143217,-172.58856373288953,good,wh_island,338,syntax,island_effects,bigram6,-19.17650708143217,-19.0946220154137,FALSE
who will Name know who discovers *T* ?,-19.184334902145377,-172.65901411930838,bad,wh_island,338,syntax,island_effects,bigram7,-19.49626322681844,-19.184334902145377,FALSE
who will Name know she discovers *T* ?,-19.49626322681844,-175.46636904136597,good,wh_island,338,syntax,island_effects,bigram7,-19.49626322681844,-19.184334902145377,FALSE
who will Name know who discovers *T* ?,-19.015032539147214,-171.1352928523249,bad,wh_island,338,syntax,island_effects,bigram8,-19.172258927955973,-19.015032539147214,FALSE
who will Name know she discovers *T* ?,-19.172258927955973,-172.55033035160375,good,wh_island,338,syntax,island_effects,bigram8,-19.172258927955973,-19.015032539147214,FALSE
who will Name know who discovers *T* ?,-19.15060289169277,-172.35542602523492,bad,wh_island,338,syntax,island_effects,bigram9,-19.26171400280388,-19.15060289169277,FALSE
who will Name know she discovers *T* ?,-19.26171400280388,-173.35542602523492,good,wh_island,338,syntax,island_effects,bigram9,-19.26171400280388,-19.15060289169277,FALSE
what could n't Name realize he has taken *T* ?,-18.692202769560318,-205.61423046516347,good,wh_island,349,syntax,island_effects,bigram1,-18.692202769560318,-19.12923503520192,TRUE
what could n't Name realize who has taken *T* ?,-19.12923503520192,-210.4215853872211,bad,wh_island,349,syntax,island_effects,bigram1,-18.692202769560318,-19.12923503520192,TRUE
what could n't Name realize he has taken *T* ?,-18.791056396963384,-206.70162036659724,good,wh_island,349,syntax,island_effects,bigram10,-18.791056396963384,-19.21322514148836,TRUE
what could n't Name realize who has taken *T* ?,-19.21322514148836,-211.34547655637198,bad,wh_island,349,syntax,island_effects,bigram10,-18.791056396963384,-19.21322514148836,TRUE
what could n't Name realize he has taken *T* ?,-18.72626156096649,-205.9888771706314,good,wh_island,349,syntax,island_effects,bigram2,-18.72626156096649,-19.17234252420363,TRUE
what could n't Name realize who has taken *T* ?,-19.17234252420363,-210.8957677662399,bad,wh_island,349,syntax,island_effects,bigram2,-18.72626156096649,-19.17234252420363,TRUE
what could n't Name realize he has taken *T* ?,-18.76986115003458,-206.46847265038036,good,wh_island,349,syntax,island_effects,bigram3,-18.76986115003458,-19.197173851683768,TRUE
what could n't Name realize who has taken *T* ?,-19.197173851683768,-211.16891236852146,bad,wh_island,349,syntax,island_effects,bigram3,-18.76986115003458,-19.197173851683768,TRUE
what could n't Name realize he has taken *T* ?,-18.73441820233745,-206.07860022571202,good,wh_island,349,syntax,island_effects,bigram4,-18.73441820233745,-19.161730903986648,TRUE
what could n't Name realize who has taken *T* ?,-19.161730903986648,-210.77903994385312,bad,wh_island,349,syntax,island_effects,bigram4,-18.73441820233745,-19.161730903986648,TRUE
what could n't Name realize he has taken *T* ?,-18.668928411002724,-205.35821252102997,good,wh_island,349,syntax,island_effects,bigram5,-18.668928411002724,-19.096241112651917,TRUE
what could n't Name realize who has taken *T* ?,-19.096241112651917,-210.05865223917107,bad,wh_island,349,syntax,island_effects,bigram5,-18.668928411002724,-19.096241112651917,TRUE
what could n't Name realize he has taken *T* ?,-18.707128054433458,-205.77840859876804,good,wh_island,349,syntax,island_effects,bigram6,-18.707128054433458,-19.129296798958435,TRUE
what could n't Name realize who has taken *T* ?,-19.129296798958435,-210.42226478854278,bad,wh_island,349,syntax,island_effects,bigram6,-18.707128054433458,-19.129296798958435,TRUE
what could n't Name realize he has taken *T* ?,-18.680971098190067,-205.49068208009072,good,wh_island,349,syntax,island_effects,bigram7,-18.680971098190067,-19.08637397261164,TRUE
what could n't Name realize who has taken *T* ?,-19.08637397261164,-209.950113698728,bad,wh_island,349,syntax,island_effects,bigram7,-18.680971098190067,-19.08637397261164,TRUE
what could n't Name realize he has taken *T* ?,-18.73755492278353,-206.11310415061882,good,wh_island,349,syntax,island_effects,bigram8,-18.73755492278353,-19.16486762443272,TRUE
what could n't Name realize who has taken *T* ?,-19.16486762443272,-210.81354386875992,bad,wh_island,349,syntax,island_effects,bigram8,-18.73755492278353,-19.16486762443272,TRUE
what could n't Name realize he has taken *T* ?,-18.735333615113746,-206.08866976625114,good,wh_island,349,syntax,island_effects,bigram9,-18.735333615113746,-19.15214838790657,TRUE
what could n't Name realize who has taken *T* ?,-19.15214838790657,-210.6736322669723,bad,wh_island,349,syntax,island_effects,bigram9,-18.735333615113746,-19.15214838790657,TRUE
what would n't Name forget she dropped by *T* ?,-18.771699962098147,-206.4886995830796,good,wh_island,377,syntax,island_effects,bigram1,-18.771699962098147,-18.771699962098147,FALSE
what would n't Name forget who dropped by *T* ?,-18.771699962098147,-206.4886995830796,bad,wh_island,377,syntax,island_effects,bigram1,-18.771699962098147,-18.771699962098147,FALSE
what would n't Name forget she dropped by *T* ?,-18.710372281441423,-205.81409509585566,good,wh_island,377,syntax,island_effects,bigram10,-18.710372281441423,-18.80128137235052,TRUE
what would n't Name forget who dropped by *T* ?,-18.80128137235052,-206.81409509585566,bad,wh_island,377,syntax,island_effects,bigram10,-18.710372281441423,-18.80128137235052,TRUE
what would n't Name forget she dropped by *T* ?,-18.58692223897117,-204.4561446286828,good,wh_island,377,syntax,island_effects,bigram2,-18.58692223897117,-18.677831329880256,TRUE
what would n't Name forget who dropped by *T* ?,-18.677831329880256,-205.4561446286828,bad,wh_island,377,syntax,island_effects,bigram2,-18.58692223897117,-18.677831329880256,TRUE
what would n't Name forget she dropped by *T* ?,-18.809625269335243,-206.90587796268767,good,wh_island,377,syntax,island_effects,bigram3,-18.809625269335243,-18.809625269335243,FALSE
what would n't Name forget who dropped by *T* ?,-18.809625269335243,-206.90587796268767,bad,wh_island,377,syntax,island_effects,bigram3,-18.809625269335243,-18.809625269335243,FALSE
what would n't Name forget she dropped by *T* ?,-18.67152022918858,-205.38672252107438,good,wh_island,377,syntax,island_effects,bigram4,-18.67152022918858,-18.76242932009767,TRUE
what would n't Name forget who dropped by *T* ?,-18.76242932009767,-206.38672252107438,bad,wh_island,377,syntax,island_effects,bigram4,-18.67152022918858,-18.76242932009767,TRUE
what would n't Name forget she dropped by *T* ?,-18.68615366544488,-205.5476903198937,good,wh_island,377,syntax,island_effects,bigram5,-18.68615366544488,-18.68615366544488,FALSE
what would n't Name forget who dropped by *T* ?,-18.68615366544488,-205.5476903198937,bad,wh_island,377,syntax,island_effects,bigram5,-18.68615366544488,-18.68615366544488,FALSE
what would n't Name forget she dropped by *T* ?,-18.602440861799696,-204.62684947979668,good,wh_island,377,syntax,island_effects,bigram6,-18.602440861799696,-18.69334995270879,TRUE
what would n't Name forget who dropped by *T* ?,-18.69334995270879,-205.62684947979668,bad,wh_island,377,syntax,island_effects,bigram6,-18.602440861799696,-18.69334995270879,TRUE
what would n't Name forget she dropped by *T* ?,-18.694789561230525,-205.64268517353577,good,wh_island,377,syntax,island_effects,bigram7,-18.694789561230525,-18.694789561230525,FALSE
what would n't Name forget who dropped by *T* ?,-18.694789561230525,-205.64268517353577,bad,wh_island,377,syntax,island_effects,bigram7,-18.694789561230525,-18.694789561230525,FALSE
what would n't Name forget she dropped by *T* ?,-18.741249648646928,-206.1537461351162,good,wh_island,377,syntax,island_effects,bigram8,-18.741249648646928,-18.832158739556014,TRUE
what would n't Name forget who dropped by *T* ?,-18.832158739556014,-207.1537461351162,bad,wh_island,377,syntax,island_effects,bigram8,-18.741249648646928,-18.832158739556014,TRUE
what would n't Name forget she dropped by *T* ?,-18.670097226995622,-205.37106949695186,good,wh_island,377,syntax,island_effects,bigram9,-18.670097226995622,-18.76100631790472,TRUE
what would n't Name forget who dropped by *T* ?,-18.76100631790472,-206.37106949695186,bad,wh_island,377,syntax,island_effects,bigram9,-18.670097226995622,-18.76100631790472,TRUE
who can n't Name find out she can n't love *T* ?,-18.82238249899813,-244.69097248697574,good,wh_island,387,syntax,island_effects,bigram1,-18.82238249899813,-19.000992352451007,TRUE
who can n't Name find out who can n't love *T* ?,-19.000992352451007,-247.0129005818631,bad,wh_island,387,syntax,island_effects,bigram1,-18.82238249899813,-19.000992352451007,TRUE
who can n't Name find out she can n't love *T* ?,-18.75087772746787,-243.76141045708232,good,wh_island,387,syntax,island_effects,bigram10,-18.75087772746787,-18.95860385963257,TRUE
who can n't Name find out who can n't love *T* ?,-18.95860385963257,-246.46185017522342,bad,wh_island,387,syntax,island_effects,bigram10,-18.75087772746787,-18.95860385963257,TRUE
who can n't Name find out she can n't love *T* ?,-18.428821471635008,-239.5746791312551,good,wh_island,387,syntax,island_effects,bigram2,-18.428821471635008,-18.505744548558084,TRUE
who can n't Name find out who can n't love *T* ?,-18.505744548558084,-240.5746791312551,bad,wh_island,387,syntax,island_effects,bigram2,-18.428821471635008,-18.505744548558084,TRUE
who can n't Name find out she can n't love *T* ?,-18.65546803359262,-242.52108443670403,good,wh_island,387,syntax,island_effects,bigram3,-18.65546803359262,-18.86319416575732,TRUE
who can n't Name find out who can n't love *T* ?,-18.86319416575732,-245.22152415484513,bad,wh_island,387,syntax,island_effects,bigram3,-18.65546803359262,-18.86319416575732,TRUE
who can n't Name find out she can n't love *T* ?,-18.838948157966414,-244.9063260535634,good,wh_island,387,syntax,island_effects,bigram4,-18.838948157966414,-19.037791427252657,TRUE
who can n't Name find out who can n't love *T* ?,-19.037791427252657,-247.49128855428455,bad,wh_island,387,syntax,island_effects,bigram4,-18.838948157966414,-19.037791427252657,TRUE
who can n't Name find out she can n't love *T* ?,-18.68140602023332,-242.85827826303318,good,wh_island,387,syntax,island_effects,bigram5,-18.68140602023332,-18.82043332193006,TRUE
who can n't Name find out who can n't love *T* ?,-18.82043332193006,-244.66563318509077,bad,wh_island,387,syntax,island_effects,bigram5,-18.68140602023332,-18.82043332193006,TRUE
who can n't Name find out she can n't love *T* ?,-18.71998398570617,-243.35979181418017,good,wh_island,387,syntax,island_effects,bigram6,-18.71998398570617,-18.796907062629245,TRUE
who can n't Name find out who can n't love *T* ?,-18.796907062629245,-244.35979181418017,bad,wh_island,387,syntax,island_effects,bigram6,-18.71998398570617,-18.796907062629245,TRUE
who can n't Name find out she can n't love *T* ?,-18.622893880216925,-242.09762044282002,good,wh_island,387,syntax,island_effects,bigram7,-18.622893880216925,-18.76708381236432,TRUE
who can n't Name find out who can n't love *T* ?,-18.76708381236432,-243.97208956073615,bad,wh_island,387,syntax,island_effects,bigram7,-18.622893880216925,-18.76708381236432,TRUE
who can n't Name find out she can n't love *T* ?,-18.557474908265128,-241.24717380744667,good,wh_island,387,syntax,island_effects,bigram8,-18.557474908265128,-18.62474176348945,TRUE
who can n't Name find out who can n't love *T* ?,-18.62474176348945,-242.1216429253628,bad,wh_island,387,syntax,island_effects,bigram8,-18.557474908265128,-18.62474176348945,TRUE
who can n't Name find out she can n't love *T* ?,-18.724233078695608,-243.4150300230429,good,wh_island,387,syntax,island_effects,bigram9,-18.724233078695608,-18.724233078695608,FALSE
who can n't Name find out who can n't love *T* ?,-18.724233078695608,-243.4150300230429,bad,wh_island,387,syntax,island_effects,bigram9,-18.724233078695608,-18.724233078695608,FALSE
what would Name know she did n't drop by *T* ?,-18.65988885776617,-223.918666293194,good,wh_island,39,syntax,island_effects,bigram1,-18.65988885776617,-18.568260884970258,FALSE
what would Name know who did n't drop by *T* ?,-18.568260884970258,-222.8191306196431,bad,wh_island,39,syntax,island_effects,bigram1,-18.65988885776617,-18.568260884970258,FALSE
what would Name know she did n't drop by *T* ?,-18.43880736610462,-221.26568839325543,good,wh_island,39,syntax,island_effects,bigram10,-18.43880736610462,-18.625227299213023,TRUE
what would Name know who did n't drop by *T* ?,-18.625227299213023,-223.50272759055628,bad,wh_island,39,syntax,island_effects,bigram10,-18.43880736610462,-18.625227299213023,TRUE
what would Name know she did n't drop by *T* ?,-18.49000740573008,-221.8800888687609,good,wh_island,39,syntax,island_effects,bigram2,-18.49000740573008,-18.640620315901543,TRUE
what would Name know who did n't drop by *T* ?,-18.640620315901543,-223.68744379081852,bad,wh_island,39,syntax,island_effects,bigram2,-18.49000740573008,-18.640620315901543,TRUE
what would Name know she did n't drop by *T* ?,-18.460306634863134,-221.5236796183576,good,wh_island,39,syntax,island_effects,bigram3,-18.460306634863134,-18.65718747481186,TRUE
what would Name know who did n't drop by *T* ?,-18.65718747481186,-223.8862496977423,bad,wh_island,39,syntax,island_effects,bigram3,-18.460306634863134,-18.65718747481186,TRUE
what would Name know she did n't drop by *T* ?,-18.45770914137093,-221.49250969645118,good,wh_island,39,syntax,island_effects,bigram4,-18.45770914137093,-18.42650951513914,FALSE
what would Name know who did n't drop by *T* ?,-18.42650951513914,-221.1181141816697,bad,wh_island,39,syntax,island_effects,bigram4,-18.45770914137093,-18.42650951513914,FALSE
what would Name know she did n't drop by *T* ?,-18.325368619009875,-219.90442342811852,good,wh_island,39,syntax,island_effects,bigram5,-18.325368619009875,-18.38774038842688,TRUE
what would Name know who did n't drop by *T* ?,-18.38774038842688,-220.65288466112256,bad,wh_island,39,syntax,island_effects,bigram5,-18.325368619009875,-18.38774038842688,TRUE
what would Name know she did n't drop by *T* ?,-18.43711690864202,-221.24540290370427,good,wh_island,39,syntax,island_effects,bigram6,-18.43711690864202,-18.62570310912817,TRUE
what would Name know who did n't drop by *T* ?,-18.62570310912817,-223.5084373095381,bad,wh_island,39,syntax,island_effects,bigram6,-18.43711690864202,-18.62570310912817,TRUE
what would Name know she did n't drop by *T* ?,-18.525241619172192,-222.3028994300663,good,wh_island,39,syntax,island_effects,bigram7,-18.525241619172192,-18.36196178454697,FALSE
what would Name know who did n't drop by *T* ?,-18.36196178454697,-220.34354141456367,bad,wh_island,39,syntax,island_effects,bigram7,-18.525241619172192,-18.36196178454697,FALSE
what would Name know she did n't drop by *T* ?,-18.384430115934794,-220.61316139121752,good,wh_island,39,syntax,island_effects,bigram8,-18.384430115934794,-18.37176319148104,FALSE
what would Name know who did n't drop by *T* ?,-18.37176319148104,-220.46115829777247,bad,wh_island,39,syntax,island_effects,bigram8,-18.384430115934794,-18.37176319148104,FALSE
what would Name know she did n't drop by *T* ?,-18.417857075316103,-221.01428490379323,good,wh_island,39,syntax,island_effects,bigram9,-18.417857075316103,-18.429315702295263,TRUE
what would Name know who did n't drop by *T* ?,-18.429315702295263,-221.15178842754315,bad,wh_island,39,syntax,island_effects,bigram9,-18.417857075316103,-18.429315702295263,TRUE
who has n't Name found out she was talking to *T* ?,-19.43250916782076,-252.62261918166988,good,wh_island,391,syntax,island_effects,bigram1,-19.43250916782076,-19.477506283260848,TRUE
who has n't Name found out who was talking to *T* ?,-19.477506283260848,-253.20758168239104,bad,wh_island,391,syntax,island_effects,bigram1,-19.43250916782076,-19.477506283260848,TRUE
who has n't Name found out she was talking to *T* ?,-19.46463982447424,-253.04031771816508,good,wh_island,391,syntax,island_effects,bigram10,-19.46463982447424,-19.38771674755116,FALSE
who has n't Name found out who was talking to *T* ?,-19.38771674755116,-252.04031771816508,bad,wh_island,391,syntax,island_effects,bigram10,-19.46463982447424,-19.38771674755116,FALSE
who has n't Name found out she was talking to *T* ?,-19.43824133798936,-252.6971373938617,good,wh_island,391,syntax,island_effects,bigram2,-19.43824133798936,-19.48323845342945,TRUE
who has n't Name found out who was talking to *T* ?,-19.48323845342945,-253.28209989458284,bad,wh_island,391,syntax,island_effects,bigram2,-19.43824133798936,-19.48323845342945,TRUE
who has n't Name found out she was talking to *T* ?,-19.4666100270684,-253.06593035188916,good,wh_island,391,syntax,island_effects,bigram3,-19.4666100270684,-19.38968695014532,FALSE
who has n't Name found out who was talking to *T* ?,-19.38968695014532,-252.06593035188916,bad,wh_island,391,syntax,island_effects,bigram3,-19.4666100270684,-19.38968695014532,FALSE
who has n't Name found out she was talking to *T* ?,-19.29906365173185,-250.887827472514,good,wh_island,391,syntax,island_effects,bigram4,-19.29906365173185,-19.344060767171936,TRUE
who has n't Name found out who was talking to *T* ?,-19.344060767171936,-251.47278997323517,bad,wh_island,391,syntax,island_effects,bigram4,-19.29906365173185,-19.344060767171936,TRUE
who has n't Name found out she was talking to *T* ?,-19.463460390937907,-253.0249850821928,good,wh_island,391,syntax,island_effects,bigram5,-19.463460390937907,-19.43153442945492,FALSE
who has n't Name found out who was talking to *T* ?,-19.43153442945492,-252.60994758291395,bad,wh_island,391,syntax,island_effects,bigram5,-19.463460390937907,-19.43153442945492,FALSE
who has n't Name found out she was talking to *T* ?,-19.52861877458073,-253.8720440695495,good,wh_island,391,syntax,island_effects,bigram6,-19.52861877458073,-19.45169569765765,FALSE
who has n't Name found out who was talking to *T* ?,-19.45169569765765,-252.8720440695495,bad,wh_island,391,syntax,island_effects,bigram6,-19.52861877458073,-19.45169569765765,FALSE
who has n't Name found out she was talking to *T* ?,-19.570566393567447,-254.4173631163768,good,wh_island,391,syntax,island_effects,bigram7,-19.570566393567447,-19.570566393567447,FALSE
who has n't Name found out who was talking to *T* ?,-19.570566393567447,-254.4173631163768,bad,wh_island,391,syntax,island_effects,bigram7,-19.570566393567447,-19.570566393567447,FALSE
who has n't Name found out she was talking to *T* ?,-19.347490075100325,-251.51737097630422,good,wh_island,391,syntax,island_effects,bigram8,-19.347490075100325,-19.315564113617334,FALSE
who has n't Name found out who was talking to *T* ?,-19.315564113617334,-251.10233347702538,bad,wh_island,391,syntax,island_effects,bigram8,-19.347490075100325,-19.315564113617334,FALSE
who has n't Name found out she was talking to *T* ?,-19.402126042159928,-252.22763854807906,good,wh_island,391,syntax,island_effects,bigram9,-19.402126042159928,-19.402126042159928,FALSE
who has n't Name found out who was talking to *T* ?,-19.402126042159928,-252.22763854807906,bad,wh_island,391,syntax,island_effects,bigram9,-19.402126042159928,-19.402126042159928,FALSE
who has n't Name learned she can care for *T* ?,-19.262960466482983,-231.15552559779582,good,wh_island,40,syntax,island_effects,bigram1,-19.262960466482983,-19.5397878077236,TRUE
who has n't Name learned who can care for *T* ?,-19.5397878077236,-234.47745369268318,bad,wh_island,40,syntax,island_effects,bigram1,-19.262960466482983,-19.5397878077236,TRUE
who has n't Name learned she can care for *T* ?,-19.34572876373285,-232.1487451647942,good,wh_island,40,syntax,island_effects,bigram10,-19.34572876373285,-19.65409874024461,TRUE
who has n't Name learned who can care for *T* ?,-19.65409874024461,-235.8491848829353,bad,wh_island,40,syntax,island_effects,bigram10,-19.34572876373285,-19.65409874024461,TRUE
who has n't Name learned she can care for *T* ?,-19.205071712964298,-230.46086055557157,good,wh_island,40,syntax,island_effects,bigram2,-19.205071712964298,-19.371738379630965,TRUE
who has n't Name learned who can care for *T* ?,-19.371738379630965,-232.46086055557157,bad,wh_island,40,syntax,island_effects,bigram2,-19.205071712964298,-19.371738379630965,TRUE
who has n't Name learned she can care for *T* ?,-19.297616873032037,-231.5714024763844,good,wh_island,40,syntax,island_effects,bigram3,-19.297616873032037,-19.605986849543797,TRUE
who has n't Name learned who can care for *T* ?,-19.605986849543797,-235.2718421945255,bad,wh_island,40,syntax,island_effects,bigram3,-19.297616873032037,-19.605986849543797,TRUE
who has n't Name learned she can care for *T* ?,-19.210959440389374,-230.53151328467249,good,wh_island,40,syntax,island_effects,bigram4,-19.210959440389374,-19.50970631544947,TRUE
who has n't Name learned who can care for *T* ?,-19.50970631544947,-234.11647578539365,bad,wh_island,40,syntax,island_effects,bigram4,-19.210959440389374,-19.50970631544947,TRUE
who has n't Name learned she can care for *T* ?,-19.405819181390022,-232.86983017668032,good,wh_island,40,syntax,island_effects,bigram5,-19.405819181390022,-19.639765424894826,TRUE
who has n't Name learned who can care for *T* ?,-19.639765424894826,-235.6771850987379,bad,wh_island,40,syntax,island_effects,bigram5,-19.405819181390022,-19.639765424894826,TRUE
who has n't Name learned she can care for *T* ?,-19.330790245388368,-231.96948294466043,good,wh_island,40,syntax,island_effects,bigram6,-19.330790245388368,-19.49745691205504,TRUE
who has n't Name learned who can care for *T* ?,-19.49745691205504,-233.96948294466043,bad,wh_island,40,syntax,island_effects,bigram6,-19.330790245388368,-19.49745691205504,TRUE
who has n't Name learned she can care for *T* ?,-19.338606816302388,-232.06328179562865,good,wh_island,40,syntax,island_effects,bigram7,-19.338606816302388,-19.494812576128734,TRUE
who has n't Name learned who can care for *T* ?,-19.494812576128734,-233.9377509135448,bad,wh_island,40,syntax,island_effects,bigram7,-19.338606816302388,-19.494812576128734,TRUE
who has n't Name learned she can care for *T* ?,-19.33120844546062,-231.97450134552747,good,wh_island,40,syntax,island_effects,bigram8,-19.33120844546062,-19.487414205286967,TRUE
who has n't Name learned who can care for *T* ?,-19.487414205286967,-233.8489704634436,bad,wh_island,40,syntax,island_effects,bigram8,-19.33120844546062,-19.487414205286967,TRUE
who has n't Name learned she can care for *T* ?,-19.39769785197016,-232.7723742236419,good,wh_island,40,syntax,island_effects,bigram9,-19.39769785197016,-19.48103118530349,TRUE
who has n't Name learned who can care for *T* ?,-19.48103118530349,-233.7723742236419,bad,wh_island,40,syntax,island_effects,bigram9,-19.39769785197016,-19.48103118530349,TRUE
what will Name forget she has fixed *T* ?,-18.623174192348085,-186.23174192348085,good,wh_island,407,syntax,island_effects,bigram1,-18.623174192348085,-19.03192047647312,TRUE
what will Name forget who has fixed *T* ?,-19.03192047647312,-190.31920476473118,bad,wh_island,407,syntax,island_effects,bigram1,-18.623174192348085,-19.03192047647312,TRUE
what will Name forget she has fixed *T* ?,-18.46375789274389,-184.6375789274389,good,wh_island,407,syntax,island_effects,bigram10,-18.46375789274389,-18.90970105460762,TRUE
what will Name forget who has fixed *T* ?,-18.90970105460762,-189.0970105460762,bad,wh_island,407,syntax,island_effects,bigram10,-18.46375789274389,-18.90970105460762,TRUE
what will Name forget she has fixed *T* ?,-18.455257572403333,-184.55257572403332,good,wh_island,407,syntax,island_effects,bigram2,-18.455257572403333,-18.88745038189207,TRUE
what will Name forget who has fixed *T* ?,-18.88745038189207,-188.8745038189207,bad,wh_island,407,syntax,island_effects,bigram2,-18.455257572403333,-18.88745038189207,TRUE
what will Name forget she has fixed *T* ?,-18.561705131795076,-185.61705131795074,good,wh_island,407,syntax,island_effects,bigram3,-18.561705131795076,-18.931749103609185,TRUE
what will Name forget who has fixed *T* ?,-18.931749103609185,-189.31749103609184,bad,wh_island,407,syntax,island_effects,bigram3,-18.561705131795076,-18.931749103609185,TRUE
what will Name forget she has fixed *T* ?,-18.49052325323816,-184.90523253238163,good,wh_island,407,syntax,island_effects,bigram4,-18.49052325323816,-18.9227160627269,TRUE
what will Name forget who has fixed *T* ?,-18.9227160627269,-189.22716062726897,bad,wh_island,407,syntax,island_effects,bigram4,-18.49052325323816,-18.9227160627269,TRUE
what will Name forget she has fixed *T* ?,-18.569654160127136,-185.69654160127135,good,wh_island,407,syntax,island_effects,bigram5,-18.569654160127136,-18.99444691147149,TRUE
what will Name forget who has fixed *T* ?,-18.99444691147149,-189.94446911471493,bad,wh_island,407,syntax,island_effects,bigram5,-18.569654160127136,-18.99444691147149,TRUE
what will Name forget she has fixed *T* ?,-18.44154870483589,-184.41548704835893,good,wh_island,407,syntax,island_effects,bigram6,-18.44154870483589,-18.86634145618025,TRUE
what will Name forget who has fixed *T* ?,-18.86634145618025,-188.6634145618025,bad,wh_island,407,syntax,island_effects,bigram6,-18.44154870483589,-18.86634145618025,TRUE
what will Name forget she has fixed *T* ?,-18.66146480561472,-186.6146480561472,good,wh_island,407,syntax,island_effects,bigram7,-18.66146480561472,-19.007407967478446,TRUE
what will Name forget who has fixed *T* ?,-19.007407967478446,-190.07407967478446,bad,wh_island,407,syntax,island_effects,bigram7,-18.66146480561472,-19.007407967478446,TRUE
what will Name forget she has fixed *T* ?,-18.47517390401793,-184.75173904017927,good,wh_island,407,syntax,island_effects,bigram8,-18.47517390401793,-18.9144056462958,TRUE
what will Name forget who has fixed *T* ?,-18.9144056462958,-189.14405646295802,bad,wh_island,407,syntax,island_effects,bigram8,-18.47517390401793,-18.9144056462958,TRUE
what will Name forget she has fixed *T* ?,-18.592532096763488,-185.9253209676349,good,wh_island,407,syntax,island_effects,bigram9,-18.592532096763488,-19.001278380888525,TRUE
what will Name forget who has fixed *T* ?,-19.001278380888525,-190.01278380888525,bad,wh_island,407,syntax,island_effects,bigram9,-18.592532096763488,-19.001278380888525,TRUE
who should n't Name figure out she watches *T* ?,-19.52315502121281,-214.75470523334093,good,wh_island,412,syntax,island_effects,bigram1,-19.52315502121281,-19.43224593030372,FALSE
who should n't Name figure out who watches *T* ?,-19.43224593030372,-213.75470523334093,bad,wh_island,412,syntax,island_effects,bigram1,-19.52315502121281,-19.43224593030372,FALSE
who should n't Name figure out she watches *T* ?,-19.487519387390662,-214.36271326129727,good,wh_island,412,syntax,island_effects,bigram10,-19.487519387390662,-19.39661029648157,FALSE
who should n't Name figure out who watches *T* ?,-19.39661029648157,-213.36271326129727,bad,wh_island,412,syntax,island_effects,bigram10,-19.487519387390662,-19.39661029648157,FALSE
who should n't Name figure out she watches *T* ?,-19.49118824838429,-214.4030707322272,good,wh_island,412,syntax,island_effects,bigram2,-19.49118824838429,-19.4002791574752,FALSE
who should n't Name figure out who watches *T* ?,-19.4002791574752,-213.4030707322272,bad,wh_island,412,syntax,island_effects,bigram2,-19.49118824838429,-19.4002791574752,FALSE
who should n't Name figure out she watches *T* ?,-19.51122254168776,-214.62344795856538,good,wh_island,412,syntax,island_effects,bigram3,-19.51122254168776,-19.42031345077867,FALSE
who should n't Name figure out who watches *T* ?,-19.42031345077867,-213.62344795856538,bad,wh_island,412,syntax,island_effects,bigram3,-19.51122254168776,-19.42031345077867,FALSE
who should n't Name figure out she watches *T* ?,-19.54594189029152,-215.00536079320673,good,wh_island,412,syntax,island_effects,bigram4,-19.54594189029152,-19.45503279938243,FALSE
who should n't Name figure out who watches *T* ?,-19.45503279938243,-214.00536079320673,bad,wh_island,412,syntax,island_effects,bigram4,-19.54594189029152,-19.45503279938243,FALSE
who should n't Name figure out she watches *T* ?,-19.55832165507668,-215.1415382058435,good,wh_island,412,syntax,island_effects,bigram5,-19.55832165507668,-19.46741256416759,FALSE
who should n't Name figure out who watches *T* ?,-19.46741256416759,-214.1415382058435,bad,wh_island,412,syntax,island_effects,bigram5,-19.55832165507668,-19.46741256416759,FALSE
who should n't Name figure out she watches *T* ?,-19.4910114564986,-214.4011260214846,good,wh_island,412,syntax,island_effects,bigram6,-19.4910114564986,-19.400102365589508,FALSE
who should n't Name figure out who watches *T* ?,-19.400102365589508,-213.4011260214846,bad,wh_island,412,syntax,island_effects,bigram6,-19.4910114564986,-19.400102365589508,FALSE
who should n't Name figure out she watches *T* ?,-19.427569356244437,-213.70326291868878,good,wh_island,412,syntax,island_effects,bigram7,-19.427569356244437,-19.427569356244437,FALSE
who should n't Name figure out who watches *T* ?,-19.427569356244437,-213.70326291868878,bad,wh_island,412,syntax,island_effects,bigram7,-19.427569356244437,-19.427569356244437,FALSE
who should n't Name figure out she watches *T* ?,-19.573662902619784,-215.3102919288176,good,wh_island,412,syntax,island_effects,bigram8,-19.573662902619784,-19.48275381171069,FALSE
who should n't Name figure out who watches *T* ?,-19.48275381171069,-214.3102919288176,bad,wh_island,412,syntax,island_effects,bigram8,-19.573662902619784,-19.48275381171069,FALSE
who should n't Name figure out she watches *T* ?,-19.495884592733876,-214.45473052007262,good,wh_island,412,syntax,island_effects,bigram9,-19.495884592733876,-19.404975501824783,FALSE
who should n't Name figure out who watches *T* ?,-19.404975501824783,-213.45473052007262,bad,wh_island,412,syntax,island_effects,bigram9,-19.495884592733876,-19.404975501824783,FALSE
who can n't Name forget she does sound like *T* ?,-18.481997227931984,-221.7839667351838,good,wh_island,427,syntax,island_effects,bigram1,-18.481997227931984,-18.217836811145123,FALSE
who can n't Name forget what does sound like *T* ?,-18.217836811145123,-218.6140417337415,bad,wh_island,427,syntax,island_effects,bigram1,-18.481997227931984,-18.217836811145123,FALSE
who can n't Name forget she does sound like *T* ?,-18.48935550328437,-221.87226603941247,good,wh_island,427,syntax,island_effects,bigram10,-18.48935550328437,-18.23722757894211,FALSE
who can n't Name forget what does sound like *T* ?,-18.23722757894211,-218.84673094730533,bad,wh_island,427,syntax,island_effects,bigram10,-18.48935550328437,-18.23722757894211,FALSE
who can n't Name forget she does sound like *T* ?,-18.26850736592052,-219.22208839104624,good,wh_island,427,syntax,island_effects,bigram2,-18.26850736592052,-18.043470722742097,FALSE
who can n't Name forget what does sound like *T* ?,-18.043470722742097,-216.52164867290517,bad,wh_island,427,syntax,island_effects,bigram2,-18.26850736592052,-18.043470722742097,FALSE
who can n't Name forget she does sound like *T* ?,-18.390972200077552,-220.69166640093061,good,wh_island,427,syntax,island_effects,bigram3,-18.390972200077552,-18.20114013780257,FALSE
who can n't Name forget what does sound like *T* ?,-18.20114013780257,-218.41368165363085,bad,wh_island,427,syntax,island_effects,bigram3,-18.390972200077552,-18.20114013780257,FALSE
who can n't Name forget she does sound like *T* ?,-18.34694684775204,-220.1633621730245,good,wh_island,427,syntax,island_effects,bigram4,-18.34694684775204,-18.12424473592108,FALSE
who can n't Name forget what does sound like *T* ?,-18.12424473592108,-217.49093683105298,bad,wh_island,427,syntax,island_effects,bigram4,-18.34694684775204,-18.12424473592108,FALSE
who can n't Name forget she does sound like *T* ?,-18.41762229293982,-221.01146751527787,good,wh_island,427,syntax,island_effects,bigram5,-18.41762229293982,-18.21202845873755,FALSE
who can n't Name forget what does sound like *T* ?,-18.21202845873755,-218.5443415048506,bad,wh_island,427,syntax,island_effects,bigram5,-18.41762229293982,-18.21202845873755,FALSE
who can n't Name forget she does sound like *T* ?,-18.32751045819417,-219.93012549833003,good,wh_island,427,syntax,island_effects,bigram6,-18.32751045819417,-18.08412999715204,FALSE
who can n't Name forget what does sound like *T* ?,-18.08412999715204,-217.00955996582445,bad,wh_island,427,syntax,island_effects,bigram6,-18.32751045819417,-18.08412999715204,FALSE
who can n't Name forget she does sound like *T* ?,-18.236732395281845,-218.84078874338212,good,wh_island,427,syntax,island_effects,bigram7,-18.236732395281845,-18.01169575210342,FALSE
who can n't Name forget what does sound like *T* ?,-18.01169575210342,-216.14034902524105,bad,wh_island,427,syntax,island_effects,bigram7,-18.236732395281845,-18.01169575210342,FALSE
who can n't Name forget she does sound like *T* ?,-18.313475673246472,-219.76170807895767,good,wh_island,427,syntax,island_effects,bigram8,-18.313475673246472,-18.10852303836003,FALSE
who can n't Name forget what does sound like *T* ?,-18.10852303836003,-217.30227646032037,bad,wh_island,427,syntax,island_effects,bigram8,-18.313475673246472,-18.10852303836003,FALSE
who can n't Name forget she does sound like *T* ?,-18.28767941895885,-219.45215302750617,good,wh_island,427,syntax,island_effects,bigram9,-18.28767941895885,-18.06497730712789,FALSE
who can n't Name forget what does sound like *T* ?,-18.06497730712789,-216.77972768553468,bad,wh_island,427,syntax,island_effects,bigram9,-18.28767941895885,-18.06497730712789,FALSE
what does Name figure out she was n't breaking *T* ?,-18.476289903135,-221.71547883761997,good,wh_island,43,syntax,island_effects,bigram1,-18.476289903135,-18.52503677819509,TRUE
what does Name figure out who was n't breaking *T* ?,-18.52503677819509,-222.3004413383411,bad,wh_island,43,syntax,island_effects,bigram1,-18.476289903135,-18.52503677819509,TRUE
what does Name figure out she was n't breaking *T* ?,-18.48834260193547,-221.86011122322566,good,wh_island,43,syntax,island_effects,bigram10,-18.48834260193547,-18.40500926860214,FALSE
what does Name figure out who was n't breaking *T* ?,-18.40500926860214,-220.86011122322566,bad,wh_island,43,syntax,island_effects,bigram10,-18.48834260193547,-18.40500926860214,FALSE
what does Name figure out she was n't breaking *T* ?,-18.482975451703545,-221.79570542044254,good,wh_island,43,syntax,island_effects,bigram2,-18.482975451703545,-18.53172232676364,TRUE
what does Name figure out who was n't breaking *T* ?,-18.53172232676364,-222.3806679211637,bad,wh_island,43,syntax,island_effects,bigram2,-18.482975451703545,-18.53172232676364,TRUE
what does Name figure out she was n't breaking *T* ?,-18.416366214688157,-220.99639457625784,good,wh_island,43,syntax,island_effects,bigram3,-18.416366214688157,-18.33303288135482,FALSE
what does Name figure out who was n't breaking *T* ?,-18.33303288135482,-219.99639457625784,bad,wh_island,43,syntax,island_effects,bigram3,-18.416366214688157,-18.33303288135482,FALSE
what does Name figure out she was n't breaking *T* ?,-18.48029799704361,-221.7635759645233,good,wh_island,43,syntax,island_effects,bigram4,-18.48029799704361,-18.529044872103707,TRUE
what does Name figure out who was n't breaking *T* ?,-18.529044872103707,-222.34853846524447,bad,wh_island,43,syntax,island_effects,bigram4,-18.48029799704361,-18.529044872103707,TRUE
what does Name figure out she was n't breaking *T* ?,-18.465735747092875,-221.5888289651145,good,wh_island,43,syntax,island_effects,bigram5,-18.465735747092875,-18.43114928881964,FALSE
what does Name figure out who was n't breaking *T* ?,-18.43114928881964,-221.17379146583562,bad,wh_island,43,syntax,island_effects,bigram5,-18.465735747092875,-18.43114928881964,FALSE
what does Name figure out she was n't breaking *T* ?,-18.354474703657846,-220.25369644389414,good,wh_island,43,syntax,island_effects,bigram6,-18.354474703657846,-18.27114137032451,FALSE
what does Name figure out who was n't breaking *T* ?,-18.27114137032451,-219.25369644389414,bad,wh_island,43,syntax,island_effects,bigram6,-18.354474703657846,-18.27114137032451,FALSE
what does Name figure out she was n't breaking *T* ?,-18.567282596932955,-222.80739116319546,good,wh_island,43,syntax,island_effects,bigram7,-18.567282596932955,-18.567282596932955,FALSE
what does Name figure out who was n't breaking *T* ?,-18.567282596932955,-222.80739116319546,bad,wh_island,43,syntax,island_effects,bigram7,-18.567282596932955,-18.567282596932955,FALSE
what does Name figure out she was n't breaking *T* ?,-18.46493957747312,-221.57927492967747,good,wh_island,43,syntax,island_effects,bigram8,-18.46493957747312,-18.43035311919989,FALSE
what does Name figure out who was n't breaking *T* ?,-18.43035311919989,-221.16423743039863,bad,wh_island,43,syntax,island_effects,bigram8,-18.46493957747312,-18.43035311919989,FALSE
what does Name figure out she was n't breaking *T* ?,-18.48361760269445,-221.80341123233342,good,wh_island,43,syntax,island_effects,bigram9,-18.48361760269445,-18.48361760269445,FALSE
what does Name figure out who was n't breaking *T* ?,-18.48361760269445,-221.80341123233342,bad,wh_island,43,syntax,island_effects,bigram9,-18.48361760269445,-18.48361760269445,FALSE
who has n't Name learned he could n't visit *T* ?,-19.46691538123059,-233.60298457476705,good,wh_island,445,syntax,island_effects,bigram1,-19.46691538123059,-19.700861624735385,TRUE
who has n't Name learned who could n't visit *T* ?,-19.700861624735385,-236.41033949682463,bad,wh_island,445,syntax,island_effects,bigram1,-19.46691538123059,-19.700861624735385,TRUE
who has n't Name learned he could n't visit *T* ?,-19.57405943726016,-234.88871324712193,good,wh_island,445,syntax,island_effects,bigram10,-19.57405943726016,-19.789472978986925,TRUE
who has n't Name learned who could n't visit *T* ?,-19.789472978986925,-237.4736757478431,bad,wh_island,445,syntax,island_effects,bigram10,-19.57405943726016,-19.789472978986925,TRUE
who has n't Name learned he could n't visit *T* ?,-19.417441431688967,-233.0092971802676,good,wh_island,445,syntax,island_effects,bigram2,-19.417441431688967,-19.667441431688967,TRUE
who has n't Name learned who could n't visit *T* ?,-19.667441431688967,-236.0092971802676,bad,wh_island,445,syntax,island_effects,bigram2,-19.417441431688967,-19.667441431688967,TRUE
who has n't Name learned he could n't visit *T* ?,-19.49912020531873,-233.98944246382476,good,wh_island,445,syntax,island_effects,bigram3,-19.49912020531873,-19.714533747045493,TRUE
who has n't Name learned who could n't visit *T* ?,-19.714533747045493,-236.57440496454592,bad,wh_island,445,syntax,island_effects,bigram3,-19.49912020531873,-19.714533747045493,TRUE
who has n't Name learned he could n't visit *T* ?,-19.409448660001345,-232.91338392001614,good,wh_island,445,syntax,island_effects,bigram4,-19.409448660001345,-19.673609076788207,TRUE
who has n't Name learned who could n't visit *T* ?,-19.673609076788207,-236.08330892145847,bad,wh_island,445,syntax,island_effects,bigram4,-19.409448660001345,-19.673609076788207,TRUE
who has n't Name learned he could n't visit *T* ?,-19.5076852165014,-234.09222259801675,good,wh_island,445,syntax,island_effects,bigram5,-19.5076852165014,-19.7576852165014,TRUE
who has n't Name learned who could n't visit *T* ?,-19.7576852165014,-237.09222259801675,bad,wh_island,445,syntax,island_effects,bigram5,-19.5076852165014,-19.7576852165014,TRUE
who has n't Name learned he could n't visit *T* ?,-19.50919545670836,-234.11034548050029,good,wh_island,445,syntax,island_effects,bigram6,-19.50919545670836,-19.773355873495213,TRUE
who has n't Name learned who could n't visit *T* ?,-19.773355873495213,-237.28027048194255,bad,wh_island,445,syntax,island_effects,bigram6,-19.50919545670836,-19.773355873495213,TRUE
who has n't Name learned he could n't visit *T* ?,-19.556569384681936,-234.67883261618323,good,wh_island,445,syntax,island_effects,bigram7,-19.556569384681936,-19.790515628186736,TRUE
who has n't Name learned who could n't visit *T* ?,-19.790515628186736,-237.4861875382408,bad,wh_island,445,syntax,island_effects,bigram7,-19.556569384681936,-19.790515628186736,TRUE
who has n't Name learned he could n't visit *T* ?,-19.50877585139195,-234.10531021670337,good,wh_island,445,syntax,island_effects,bigram8,-19.50877585139195,-19.772936268178807,TRUE
who has n't Name learned who could n't visit *T* ?,-19.772936268178807,-237.2752352181457,bad,wh_island,445,syntax,island_effects,bigram8,-19.50877585139195,-19.772936268178807,TRUE
who has n't Name learned he could n't visit *T* ?,-19.52040516625872,-234.24486199510463,good,wh_island,445,syntax,island_effects,bigram9,-19.52040516625872,-19.77040516625872,TRUE
who has n't Name learned who could n't visit *T* ?,-19.77040516625872,-237.24486199510463,bad,wh_island,445,syntax,island_effects,bigram9,-19.52040516625872,-19.77040516625872,TRUE
who would n't Name know she had n't scared *T* ?,-19.55832050950164,-234.69984611401964,good,wh_island,466,syntax,island_effects,bigram1,-19.55832050950164,-19.426240301108205,FALSE
who would n't Name know who had n't scared *T* ?,-19.426240301108205,-233.11488361329845,bad,wh_island,466,syntax,island_effects,bigram1,-19.55832050950164,-19.426240301108205,FALSE
who would n't Name know she had n't scared *T* ?,-19.65409874024461,-235.8491848829353,good,wh_island,466,syntax,island_effects,bigram10,-19.65409874024461,-19.55223270513324,FALSE
who would n't Name know who had n't scared *T* ?,-19.55223270513324,-234.62679246159885,bad,wh_island,466,syntax,island_effects,bigram10,-19.65409874024461,-19.55223270513324,FALSE
who would n't Name know she had n't scared *T* ?,-19.364752413730677,-232.37702896476807,good,wh_island,466,syntax,island_effects,bigram2,-19.364752413730677,-19.364752413730677,FALSE
who would n't Name know who had n't scared *T* ?,-19.364752413730677,-232.37702896476807,bad,wh_island,466,syntax,island_effects,bigram2,-19.364752413730677,-19.364752413730677,FALSE
who would n't Name know she had n't scared *T* ?,-19.49136108828611,-233.8963330594333,good,wh_island,466,syntax,island_effects,bigram3,-19.49136108828611,-19.47282838650807,FALSE
who would n't Name know who had n't scared *T* ?,-19.47282838650807,-233.67394063809684,bad,wh_island,466,syntax,island_effects,bigram3,-19.49136108828611,-19.47282838650807,FALSE
who would n't Name know she had n't scared *T* ?,-19.49278199333468,-233.91338392001617,good,wh_island,466,syntax,island_effects,bigram4,-19.49278199333468,-19.47424929155664,FALSE
who would n't Name know who had n't scared *T* ?,-19.47424929155664,-233.69099149867972,bad,wh_island,466,syntax,island_effects,bigram4,-19.49278199333468,-19.47424929155664,FALSE
who would n't Name know she had n't scared *T* ?,-19.52035214095515,-234.2442256914618,good,wh_island,466,syntax,island_effects,bigram5,-19.52035214095515,-19.542271674774632,TRUE
who would n't Name know who had n't scared *T* ?,-19.542271674774632,-234.50726009729559,bad,wh_island,466,syntax,island_effects,bigram5,-19.52035214095515,-19.542271674774632,TRUE
who would n't Name know she had n't scared *T* ?,-19.595651682159914,-235.14782018591896,good,wh_island,466,syntax,island_effects,bigram6,-19.595651682159914,-19.53423788264606,FALSE
who would n't Name know who had n't scared *T* ?,-19.53423788264606,-234.41085459175272,bad,wh_island,466,syntax,island_effects,bigram6,-19.595651682159914,-19.53423788264606,FALSE
who would n't Name know she had n't scared *T* ?,-19.646976792814144,-235.76372151376972,good,wh_island,466,syntax,island_effects,bigram7,-19.646976792814144,-19.413030549309344,FALSE
who would n't Name know who had n't scared *T* ?,-19.413030549309344,-232.95636659171214,bad,wh_island,466,syntax,island_effects,bigram7,-19.646976792814144,-19.413030549309344,FALSE
who would n't Name know she had n't scared *T* ?,-19.56090955849349,-234.73091470192188,good,wh_island,466,syntax,island_effects,bigram8,-19.56090955849349,-19.44298976688692,FALSE
who would n't Name know who had n't scared *T* ?,-19.44298976688692,-233.31587720264307,bad,wh_island,466,syntax,island_effects,bigram8,-19.56090955849349,-19.44298976688692,FALSE
who would n't Name know she had n't scared *T* ?,-19.48103118530349,-233.7723742236419,good,wh_island,466,syntax,island_effects,bigram9,-19.48103118530349,-19.48103118530349,FALSE
who would n't Name know who had n't scared *T* ?,-19.48103118530349,-233.7723742236419,bad,wh_island,466,syntax,island_effects,bigram9,-19.48103118530349,-19.48103118530349,FALSE
who can n't Name learn who does watch *T* ?,-19.021013025207623,-209.2311432772839,bad,wh_island,477,syntax,island_effects,bigram1,-18.60978012011153,-19.021013025207623,TRUE
who can n't Name learn he does watch *T* ?,-18.60978012011153,-204.70758132122685,good,wh_island,477,syntax,island_effects,bigram1,-18.60978012011153,-19.021013025207623,TRUE
who can n't Name learn who does watch *T* ?,-19.153662538120525,-210.69028791932578,bad,wh_island,477,syntax,island_effects,bigram10,-18.65440316572692,-19.153662538120525,TRUE
who can n't Name learn he does watch *T* ?,-18.65440316572692,-205.19843482299612,good,wh_island,477,syntax,island_effects,bigram10,-18.65440316572692,-19.153662538120525,TRUE
who can n't Name learn who does watch *T* ?,-18.778247308073944,-206.56072038881337,bad,wh_island,477,syntax,island_effects,bigram2,-18.41461094443758,-18.778247308073944,TRUE
who can n't Name learn he does watch *T* ?,-18.41461094443758,-202.56072038881337,good,wh_island,477,syntax,island_effects,bigram2,-18.41461094443758,-18.778247308073944,TRUE
who can n't Name learn who does watch *T* ?,-19.057499372560763,-209.6324930981684,bad,wh_island,477,syntax,island_effects,bigram3,-18.685911841538005,-19.057499372560763,TRUE
who can n't Name learn he does watch *T* ?,-18.685911841538005,-205.54503025691807,good,wh_island,477,syntax,island_effects,bigram3,-18.685911841538005,-19.057499372560763,TRUE
who can n't Name learn who does watch *T* ?,-18.9814461297798,-208.7959074275778,bad,wh_island,477,syntax,island_effects,bigram4,-18.57905842480688,-18.9814461297798,TRUE
who can n't Name learn he does watch *T* ?,-18.57905842480688,-204.36964267287567,good,wh_island,477,syntax,island_effects,bigram4,-18.57905842480688,-18.9814461297798,TRUE
who can n't Name learn who does watch *T* ?,-18.98272946019336,-208.81002406212693,bad,wh_island,477,syntax,island_effects,bigram5,-18.56321038345561,-18.98272946019336,TRUE
who can n't Name learn he does watch *T* ?,-18.56321038345561,-204.19531421801173,good,wh_island,477,syntax,island_effects,bigram5,-18.56321038345561,-18.98272946019336,TRUE
who can n't Name learn who does watch *T* ?,-18.91446729765964,-208.059140274256,bad,wh_island,477,syntax,island_effects,bigram6,-18.487154596010445,-18.91446729765964,TRUE
who can n't Name learn he does watch *T* ?,-18.487154596010445,-203.35870055611488,good,wh_island,477,syntax,island_effects,bigram6,-18.487154596010445,-18.91446729765964,TRUE
who can n't Name learn who does watch *T* ?,-18.917064736194018,-208.0877120981342,bad,wh_island,477,syntax,island_effects,bigram7,-18.489752034544825,-18.917064736194018,TRUE
who can n't Name learn he does watch *T* ?,-18.489752034544825,-203.38727237999308,good,wh_island,477,syntax,island_effects,bigram7,-18.489752034544825,-18.917064736194018,TRUE
who can n't Name learn who does watch *T* ?,-19.003955035283884,-209.04350538812272,bad,wh_island,477,syntax,island_effects,bigram8,-18.513744360485813,-19.003955035283884,TRUE
who can n't Name learn he does watch *T* ?,-18.513744360485813,-203.65118796534395,good,wh_island,477,syntax,island_effects,bigram8,-18.513744360485813,-19.003955035283884,TRUE
who can n't Name learn who does watch *T* ?,-18.87630013417946,-207.63930147597407,bad,wh_island,477,syntax,island_effects,bigram9,-18.509959466598183,-18.87630013417946,TRUE
who can n't Name learn he does watch *T* ?,-18.509959466598183,-203.60955413258003,good,wh_island,477,syntax,island_effects,bigram9,-18.509959466598183,-18.87630013417946,TRUE
what should n't Name forget he is buying *T* ?,-19.03832594429283,-209.4215853872211,good,wh_island,481,syntax,island_effects,bigram1,-19.03832594429283,-18.86260905300724,FALSE
what should n't Name forget who is buying *T* ?,-18.86260905300724,-207.4886995830796,bad,wh_island,481,syntax,island_effects,bigram1,-19.03832594429283,-18.86260905300724,FALSE
what should n't Name forget he is buying *T* ?,-18.86100067622326,-207.47100743845584,good,wh_island,481,syntax,island_effects,bigram10,-18.86100067622326,-18.725112976973296,FALSE
what should n't Name forget who is buying *T* ?,-18.725112976973296,-205.97624274670625,bad,wh_island,481,syntax,island_effects,bigram10,-18.86100067622326,-18.725112976973296,FALSE
what should n't Name forget he is buying *T* ?,-18.928881441920662,-208.21769586112728,good,wh_island,481,syntax,island_effects,bigram2,-18.928881441920662,-18.71779706965817,FALSE
what should n't Name forget who is buying *T* ?,-18.71779706965817,-205.8957677662399,bad,wh_island,481,syntax,island_effects,bigram2,-18.928881441920662,-18.71779706965817,FALSE
what should n't Name forget he is buying *T* ?,-18.911946258615597,-208.03140884477153,good,wh_island,481,syntax,island_effects,bigram3,-18.911946258615597,-18.749355722724115,FALSE
what should n't Name forget who is buying *T* ?,-18.749355722724115,-206.24291294996524,bad,wh_island,481,syntax,island_effects,bigram3,-18.911946258615597,-18.749355722724115,FALSE
what should n't Name forget he is buying *T* ?,-18.979912722168464,-208.77903994385312,good,wh_island,481,syntax,island_effects,bigram4,-18.979912722168464,-18.835825222102905,FALSE
what should n't Name forget who is buying *T* ?,-18.835825222102905,-207.19407744313196,bad,wh_island,481,syntax,island_effects,bigram4,-18.979912722168464,-18.835825222102905,FALSE
what should n't Name forget he is buying *T* ?,-18.938335149545896,-208.32168664500486,good,wh_island,481,syntax,island_effects,bigram5,-18.938335149545896,-18.82909570762138,FALSE
what should n't Name forget who is buying *T* ?,-18.82909570762138,-207.1200527838352,bad,wh_island,481,syntax,island_effects,bigram5,-18.938335149545896,-18.82909570762138,FALSE
what should n't Name forget he is buying *T* ?,-18.849213163014472,-207.3413447931592,good,wh_island,481,syntax,island_effects,bigram6,-18.849213163014472,-18.69371376457765,FALSE
what should n't Name forget who is buying *T* ?,-18.69371376457765,-205.6308514103542,bad,wh_island,481,syntax,island_effects,bigram6,-18.849213163014472,-18.69371376457765,FALSE
what should n't Name forget he is buying *T* ?,-18.871837977603786,-207.59021775364164,good,wh_island,481,syntax,island_effects,bigram7,-18.871837977603786,-18.727750477538223,FALSE
what should n't Name forget who is buying *T* ?,-18.727750477538223,-206.00525525292045,bad,wh_island,481,syntax,island_effects,bigram7,-18.871837977603786,-18.727750477538223,FALSE
what should n't Name forget he is buying *T* ?,-18.91605257041761,-208.07657827459371,good,wh_island,481,syntax,island_effects,bigram8,-18.91605257041761,-18.72783535879112,FALSE
what should n't Name forget who is buying *T* ?,-18.72783535879112,-206.0061889467023,bad,wh_island,481,syntax,island_effects,bigram8,-18.91605257041761,-18.72783535879112,FALSE
what should n't Name forget he is buying *T* ?,-18.88846981277484,-207.77316794052322,good,wh_island,481,syntax,island_effects,bigram9,-18.88846981277484,-18.74438231270928,FALSE
what should n't Name forget who is buying *T* ?,-18.74438231270928,-206.18820543980206,bad,wh_island,481,syntax,island_effects,bigram9,-18.88846981277484,-18.74438231270928,FALSE
what should n't Name forget who thinks about *T* ?,-19.09760564398189,-210.07366208380077,bad,wh_island,494,syntax,island_effects,bigram1,-18.915787462163703,-19.09760564398189,TRUE
what should n't Name forget he thinks about *T* ?,-18.915787462163703,-208.07366208380077,good,wh_island,494,syntax,island_effects,bigram1,-18.915787462163703,-19.09760564398189,TRUE
what should n't Name forget who thinks about *T* ?,-18.95190976713235,-208.47100743845584,bad,wh_island,494,syntax,island_effects,bigram10,-18.77009158531417,-18.95190976713235,TRUE
what should n't Name forget he thinks about *T* ?,-18.77009158531417,-206.47100743845584,good,wh_island,494,syntax,island_effects,bigram10,-18.77009158531417,-18.95190976713235,TRUE
what should n't Name forget who thinks about *T* ?,-18.875703032764196,-207.63273336040612,bad,wh_island,494,syntax,island_effects,bigram2,-18.664618660501706,-18.875703032764196,TRUE
what should n't Name forget he thinks about *T* ?,-18.664618660501706,-205.31080526551875,good,wh_island,494,syntax,island_effects,bigram2,-18.664618660501706,-18.875703032764196,TRUE
what should n't Name forget who thinks about *T* ?,-19.062135049213747,-209.68348554135122,bad,wh_island,494,syntax,island_effects,bigram3,-18.918047549148188,-19.062135049213747,TRUE
what should n't Name forget he thinks about *T* ?,-18.918047549148188,-208.09852304063006,good,wh_island,494,syntax,island_effects,bigram3,-18.918047549148188,-19.062135049213747,TRUE
what should n't Name forget who thinks about *T* ?,-19.048911985849937,-209.53803184434932,bad,wh_island,494,syntax,island_effects,bigram4,-18.83782761358745,-19.048911985849937,TRUE
what should n't Name forget he thinks about *T* ?,-18.83782761358745,-207.21610374946195,good,wh_island,494,syntax,island_effects,bigram4,-18.83782761358745,-19.048911985849937,TRUE
what should n't Name forget who thinks about *T* ?,-18.868741081694715,-207.55615189864187,bad,wh_island,494,syntax,island_effects,bigram5,-18.68692289987653,-18.868741081694715,TRUE
what should n't Name forget he thinks about *T* ?,-18.68692289987653,-205.55615189864187,good,wh_island,494,syntax,island_effects,bigram5,-18.68692289987653,-18.868741081694715,TRUE
what should n't Name forget who thinks about *T* ?,-18.90849286270354,-207.99342148973892,bad,wh_island,494,syntax,island_effects,bigram6,-18.69740849044105,-18.90849286270354,TRUE
what should n't Name forget he thinks about *T* ?,-18.69740849044105,-205.67149339485155,good,wh_island,494,syntax,island_effects,bigram6,-18.69740849044105,-18.90849286270354,TRUE
what should n't Name forget who thinks about *T* ?,-18.96274706851288,-208.59021775364164,bad,wh_island,494,syntax,island_effects,bigram7,-18.780928886694696,-18.96274706851288,TRUE
what should n't Name forget he thinks about *T* ?,-18.780928886694696,-206.59021775364164,good,wh_island,494,syntax,island_effects,bigram7,-18.780928886694696,-18.96274706851288,TRUE
what should n't Name forget who thinks about *T* ?,-18.98304944261454,-208.81354386875992,bad,wh_island,494,syntax,island_effects,bigram8,-18.80123126079636,-18.98304944261454,TRUE
what should n't Name forget he thinks about *T* ?,-18.80123126079636,-206.81354386875992,good,wh_island,494,syntax,island_effects,bigram8,-18.80123126079636,-18.98304944261454,TRUE
what should n't Name forget who thinks about *T* ?,-18.9157025656711,-208.07272822238212,bad,wh_island,494,syntax,island_effects,bigram9,-18.82479347476201,-18.9157025656711,TRUE
what should n't Name forget he thinks about *T* ?,-18.82479347476201,-207.07272822238212,good,wh_island,494,syntax,island_effects,bigram9,-18.82479347476201,-18.9157025656711,TRUE
what can n't Name forget she will bring *T* ?,-18.327506140694357,-201.6025675476379,good,wh_island,504,syntax,island_effects,bigram1,-18.327506140694357,-18.471593640759917,TRUE
what can n't Name forget who will bring *T* ?,-18.471593640759917,-203.18753004835904,bad,wh_island,504,syntax,island_effects,bigram1,-18.327506140694357,-18.471593640759917,TRUE
what can n't Name forget she will bring *T* ?,-18.328559775031536,-201.6141575253469,good,wh_island,504,syntax,island_effects,bigram10,-18.328559775031536,-18.539644147294027,TRUE
what can n't Name forget who will bring *T* ?,-18.539644147294027,-203.93608562023428,bad,wh_island,504,syntax,island_effects,bigram10,-18.328559775031536,-18.539644147294027,TRUE
what can n't Name forget she will bring *T* ?,-18.301495620787264,-201.31645182865992,good,wh_island,504,syntax,island_effects,bigram2,-18.301495620787264,-18.51257999304975,TRUE
what can n't Name forget who will bring *T* ?,-18.51257999304975,-203.63837992354726,bad,wh_island,504,syntax,island_effects,bigram2,-18.301495620787264,-18.51257999304975,TRUE
what can n't Name forget she will bring *T* ?,-18.614810909895056,-204.7629200088456,good,wh_island,504,syntax,island_effects,bigram3,-18.614810909895056,-18.705720000804146,TRUE
what can n't Name forget who will bring *T* ?,-18.705720000804146,-205.7629200088456,bad,wh_island,504,syntax,island_effects,bigram3,-18.614810909895056,-18.705720000804146,TRUE
what can n't Name forget she will bring *T* ?,-18.26361228908332,-200.8997351799165,good,wh_island,504,syntax,island_effects,bigram4,-18.26361228908332,-18.474696661345806,TRUE
what can n't Name forget who will bring *T* ?,-18.474696661345806,-203.22166327480386,bad,wh_island,504,syntax,island_effects,bigram4,-18.26361228908332,-18.474696661345806,TRUE
what can n't Name forget she will bring *T* ?,-18.467470508612124,-203.14217559473335,good,wh_island,504,syntax,island_effects,bigram5,-18.467470508612124,-18.558379599521214,TRUE
what can n't Name forget who will bring *T* ?,-18.558379599521214,-204.14217559473335,bad,wh_island,504,syntax,island_effects,bigram5,-18.467470508612124,-18.558379599521214,TRUE
what can n't Name forget she will bring *T* ?,-18.21177342251117,-200.3295076476229,good,wh_island,504,syntax,island_effects,bigram6,-18.21177342251117,-18.393591604329355,TRUE
what can n't Name forget who will bring *T* ?,-18.393591604329355,-202.3295076476229,bad,wh_island,504,syntax,island_effects,bigram6,-18.21177342251117,-18.393591604329355,TRUE
what can n't Name forget she will bring *T* ?,-18.397745896606438,-202.37520486267078,good,wh_island,504,syntax,island_effects,bigram7,-18.397745896606438,-18.579564078424617,TRUE
what can n't Name forget who will bring *T* ?,-18.579564078424617,-204.37520486267078,bad,wh_island,504,syntax,island_effects,bigram7,-18.397745896606438,-18.579564078424617,TRUE
what can n't Name forget she will bring *T* ?,-18.346344703081712,-201.80979173389883,good,wh_island,504,syntax,island_effects,bigram8,-18.346344703081712,-18.5574290753442,TRUE
what can n't Name forget who will bring *T* ?,-18.5574290753442,-204.13171982878617,bad,wh_island,504,syntax,island_effects,bigram8,-18.346344703081712,-18.5574290753442,TRUE
what can n't Name forget she will bring *T* ?,-18.32575848924029,-201.58334338164318,good,wh_island,504,syntax,island_effects,bigram9,-18.32575848924029,-18.50757667105847,TRUE
what can n't Name forget who will bring *T* ?,-18.50757667105847,-203.58334338164318,bad,wh_island,504,syntax,island_effects,bigram9,-18.32575848924029,-18.50757667105847,TRUE
what can n't Name forget she broke *T* ?,-18.282735166840148,-182.8273516684015,good,wh_island,508,syntax,island_effects,bigram1,-18.282735166840148,-18.282735166840148,FALSE
what can n't Name forget who broke *T* ?,-18.282735166840148,-182.8273516684015,bad,wh_island,508,syntax,island_effects,bigram1,-18.282735166840148,-18.282735166840148,FALSE
what can n't Name forget she broke *T* ?,-18.29771262271335,-182.9771262271335,good,wh_island,508,syntax,island_effects,bigram10,-18.29771262271335,-18.29771262271335,FALSE
what can n't Name forget who broke *T* ?,-18.29771262271335,-182.9771262271335,bad,wh_island,508,syntax,island_effects,bigram10,-18.29771262271335,-18.29771262271335,FALSE
what can n't Name forget she broke *T* ?,-18.17102253806195,-181.7102253806195,good,wh_island,508,syntax,island_effects,bigram2,-18.17102253806195,-18.17102253806195,FALSE
what can n't Name forget who broke *T* ?,-18.17102253806195,-181.7102253806195,bad,wh_island,508,syntax,island_effects,bigram2,-18.17102253806195,-18.17102253806195,FALSE
what can n't Name forget she broke *T* ?,-18.381196300286508,-183.81196300286507,good,wh_island,508,syntax,island_effects,bigram3,-18.381196300286508,-18.381196300286508,FALSE
what can n't Name forget who broke *T* ?,-18.381196300286508,-183.81196300286507,bad,wh_island,508,syntax,island_effects,bigram3,-18.381196300286508,-18.381196300286508,FALSE
what can n't Name forget she broke *T* ?,-18.2269246028636,-182.269246028636,good,wh_island,508,syntax,island_effects,bigram4,-18.2269246028636,-18.2269246028636,FALSE
what can n't Name forget who broke *T* ?,-18.2269246028636,-182.269246028636,bad,wh_island,508,syntax,island_effects,bigram4,-18.2269246028636,-18.2269246028636,FALSE
what can n't Name forget she broke *T* ?,-18.21914912025601,-182.1914912025601,good,wh_island,508,syntax,island_effects,bigram5,-18.21914912025601,-18.21914912025601,FALSE
what can n't Name forget who broke *T* ?,-18.21914912025601,-182.1914912025601,bad,wh_island,508,syntax,island_effects,bigram5,-18.21914912025601,-18.21914912025601,FALSE
what can n't Name forget she broke *T* ?,-18.197874215951973,-181.97874215951973,good,wh_island,508,syntax,island_effects,bigram6,-18.197874215951973,-18.197874215951973,FALSE
what can n't Name forget who broke *T* ?,-18.197874215951973,-181.97874215951973,bad,wh_island,508,syntax,island_effects,bigram6,-18.197874215951973,-18.197874215951973,FALSE
what can n't Name forget she broke *T* ?,-18.239963516517637,-182.39963516517633,good,wh_island,508,syntax,island_effects,bigram7,-18.239963516517637,-18.239963516517637,FALSE
what can n't Name forget who broke *T* ?,-18.239963516517637,-182.39963516517633,bad,wh_island,508,syntax,island_effects,bigram7,-18.239963516517637,-18.239963516517637,FALSE
what can n't Name forget she broke *T* ?,-18.31667765394581,-183.16677653945808,good,wh_island,508,syntax,island_effects,bigram8,-18.31667765394581,-18.31667765394581,FALSE
what can n't Name forget who broke *T* ?,-18.31667765394581,-183.16677653945808,bad,wh_island,508,syntax,island_effects,bigram8,-18.31667765394581,-18.31667765394581,FALSE
what can n't Name forget she broke *T* ?,-18.260056682866875,-182.60056682866875,good,wh_island,508,syntax,island_effects,bigram9,-18.260056682866875,-18.260056682866875,FALSE
what can n't Name forget who broke *T* ?,-18.260056682866875,-182.60056682866875,bad,wh_island,508,syntax,island_effects,bigram9,-18.260056682866875,-18.260056682866875,FALSE
what could n't Name find out she sees *T* ?,-18.98514753513636,-208.83662288649992,good,wh_island,512,syntax,island_effects,bigram1,-18.98514753513636,-18.894238444227263,FALSE
what could n't Name find out who sees *T* ?,-18.894238444227263,-207.83662288649992,bad,wh_island,512,syntax,island_effects,bigram1,-18.98514753513636,-18.894238444227263,FALSE
what could n't Name find out she sees *T* ?,-19.002140769225875,-209.0235484614846,good,wh_island,512,syntax,island_effects,bigram10,-19.002140769225875,-18.91123167831678,FALSE
what could n't Name find out who sees *T* ?,-18.91123167831678,-208.0235484614846,bad,wh_island,512,syntax,island_effects,bigram10,-19.002140769225875,-18.91123167831678,FALSE
what could n't Name find out she sees *T* ?,-18.84643684231989,-207.31080526551875,good,wh_island,512,syntax,island_effects,bigram2,-18.84643684231989,-18.7555277514108,FALSE
what could n't Name find out who sees *T* ?,-18.7555277514108,-206.31080526551875,bad,wh_island,512,syntax,island_effects,bigram2,-18.84643684231989,-18.7555277514108,FALSE
what could n't Name find out she sees *T* ?,-18.87126816980003,-207.5839498678003,good,wh_island,512,syntax,island_effects,bigram3,-18.87126816980003,-18.780359078890932,FALSE
what could n't Name find out who sees *T* ?,-18.780359078890932,-206.5839498678003,bad,wh_island,512,syntax,island_effects,bigram3,-18.87126816980003,-18.780359078890932,FALSE
what could n't Name find out she sees *T* ?,-19.017643403921088,-209.19407744313196,good,wh_island,512,syntax,island_effects,bigram4,-19.017643403921088,-18.926734313011995,FALSE
what could n't Name find out who sees *T* ?,-18.926734313011995,-208.19407744313196,bad,wh_island,512,syntax,island_effects,bigram4,-19.017643403921088,-18.926734313011995,FALSE
what could n't Name find out she sees *T* ?,-18.75011793791941,-206.25129731711345,good,wh_island,512,syntax,island_effects,bigram5,-18.75011793791941,-18.65920884701032,FALSE
what could n't Name find out who sees *T* ?,-18.65920884701032,-205.25129731711345,bad,wh_island,512,syntax,island_effects,bigram5,-18.75011793791941,-18.65920884701032,FALSE
what could n't Name find out she sees *T* ?,-18.985209298892872,-208.8373022878216,good,wh_island,512,syntax,island_effects,bigram6,-18.985209298892872,-18.89430020798378,FALSE
what could n't Name find out who sees *T* ?,-18.89430020798378,-207.8373022878216,bad,wh_island,512,syntax,island_effects,bigram6,-18.985209298892872,-18.89430020798378,FALSE
what could n't Name find out she sees *T* ?,-18.87528960034915,-207.62818560384062,good,wh_island,512,syntax,island_effects,bigram7,-18.87528960034915,-18.87528960034915,FALSE
what could n't Name find out who sees *T* ?,-18.87528960034915,-207.62818560384062,bad,wh_island,512,syntax,island_effects,bigram7,-18.87528960034915,-18.87528960034915,FALSE
what could n't Name find out she sees *T* ?,-18.838961942548977,-207.22858136803876,good,wh_island,512,syntax,island_effects,bigram8,-18.838961942548977,-18.748052851639887,FALSE
what could n't Name find out who sees *T* ?,-18.748052851639887,-206.22858136803876,bad,wh_island,512,syntax,island_effects,bigram8,-18.838961942548977,-18.748052851639887,FALSE
what could n't Name find out she sees *T* ?,-18.91715179693192,-208.08866976625114,good,wh_island,512,syntax,island_effects,bigram9,-18.91715179693192,-18.826242706022832,FALSE
what could n't Name find out who sees *T* ?,-18.826242706022832,-207.08866976625114,bad,wh_island,512,syntax,island_effects,bigram9,-18.91715179693192,-18.826242706022832,FALSE
what did Name forget who might examine *T* ?,-18.34547494354431,-183.4547494354431,bad,wh_island,519,syntax,island_effects,bigram1,-18.24547494354431,-18.34547494354431,TRUE
what did Name forget she might examine *T* ?,-18.24547494354431,-182.4547494354431,good,wh_island,519,syntax,island_effects,bigram1,-18.24547494354431,-18.34547494354431,TRUE
what did Name forget who might examine *T* ?,-18.28421966470474,-182.8421966470474,bad,wh_island,519,syntax,island_effects,bigram10,-18.184219664704734,-18.28421966470474,TRUE
what did Name forget she might examine *T* ?,-18.184219664704734,-181.8421966470474,good,wh_island,519,syntax,island_effects,bigram10,-18.184219664704734,-18.28421966470474,TRUE
what did Name forget who might examine *T* ?,-18.264748962527158,-182.64748962527153,bad,wh_island,519,syntax,island_effects,bigram2,-18.164748962527156,-18.264748962527158,TRUE
what did Name forget she might examine *T* ?,-18.164748962527156,-181.64748962527153,good,wh_island,519,syntax,island_effects,bigram2,-18.164748962527156,-18.264748962527158,TRUE
what did Name forget who might examine *T* ?,-18.37211237720984,-183.72112377209842,bad,wh_island,519,syntax,island_effects,bigram3,-18.272112377209844,-18.37211237720984,TRUE
what did Name forget she might examine *T* ?,-18.272112377209844,-182.72112377209842,good,wh_island,519,syntax,island_effects,bigram3,-18.272112377209844,-18.37211237720984,TRUE
what did Name forget who might examine *T* ?,-18.432605238425445,-184.32605238425447,bad,wh_island,519,syntax,island_effects,bigram4,-18.332605238425447,-18.432605238425445,TRUE
what did Name forget she might examine *T* ?,-18.332605238425447,-183.32605238425447,good,wh_island,519,syntax,island_effects,bigram4,-18.332605238425447,-18.432605238425445,TRUE
what did Name forget who might examine *T* ?,-18.33068091909041,-183.3068091909041,bad,wh_island,519,syntax,island_effects,bigram5,-18.172184669018293,-18.33068091909041,TRUE
what did Name forget she might examine *T* ?,-18.172184669018293,-181.72184669018293,good,wh_island,519,syntax,island_effects,bigram5,-18.172184669018293,-18.33068091909041,TRUE
what did Name forget who might examine *T* ?,-18.33028059987511,-183.3028059987511,bad,wh_island,519,syntax,island_effects,bigram6,-18.23028059987511,-18.33028059987511,TRUE
what did Name forget she might examine *T* ?,-18.23028059987511,-182.3028059987511,good,wh_island,519,syntax,island_effects,bigram6,-18.23028059987511,-18.33028059987511,TRUE
what did Name forget who might examine *T* ?,-18.27123447300343,-182.71234473003432,bad,wh_island,519,syntax,island_effects,bigram7,-18.17123447300343,-18.27123447300343,TRUE
what did Name forget she might examine *T* ?,-18.17123447300343,-181.71234473003432,good,wh_island,519,syntax,island_effects,bigram7,-18.17123447300343,-18.27123447300343,TRUE
what did Name forget who might examine *T* ?,-18.356731446904185,-183.56731446904183,bad,wh_island,519,syntax,island_effects,bigram8,-18.356731446904185,-18.356731446904185,FALSE
what did Name forget she might examine *T* ?,-18.356731446904185,-183.56731446904183,good,wh_island,519,syntax,island_effects,bigram8,-18.356731446904185,-18.356731446904185,FALSE
what did Name forget who might examine *T* ?,-18.380073333177027,-183.80073333177026,bad,wh_island,519,syntax,island_effects,bigram9,-18.280073333177025,-18.380073333177027,TRUE
what did Name forget she might examine *T* ?,-18.280073333177025,-182.80073333177026,good,wh_island,519,syntax,island_effects,bigram9,-18.280073333177025,-18.380073333177027,TRUE
who should Name find out who does n't watch *T* ?,-19.223493683835198,-230.68192420602233,bad,wh_island,550,syntax,island_effects,bigram1,-19.09141347544176,-19.223493683835198,TRUE
who should Name find out she does n't watch *T* ?,-19.09141347544176,-229.09696170530114,good,wh_island,550,syntax,island_effects,bigram1,-19.09141347544176,-19.223493683835198,TRUE
who should Name find out who does n't watch *T* ?,-19.202744117124983,-230.43292940549978,bad,wh_island,550,syntax,island_effects,bigram10,-18.96879787362018,-19.202744117124983,TRUE
who should Name find out she does n't watch *T* ?,-18.96879787362018,-227.62557448344216,good,wh_island,550,syntax,island_effects,bigram10,-18.96879787362018,-19.202744117124983,TRUE
who should Name find out who does n't watch *T* ?,-18.95354016885473,-227.4424820262567,bad,wh_island,550,syntax,island_effects,bigram2,-18.851674133743355,-18.95354016885473,TRUE
who should Name find out she does n't watch *T* ?,-18.851674133743355,-226.22008960492025,good,wh_island,550,syntax,island_effects,bigram2,-18.851674133743355,-18.95354016885473,TRUE
who should Name find out who does n't watch *T* ?,-19.037782463632045,-228.45338956358455,bad,wh_island,550,syntax,island_effects,bigram3,-18.893035330784866,-19.037782463632045,TRUE
who should Name find out she does n't watch *T* ?,-18.893035330784866,-226.71642396941834,good,wh_island,550,syntax,island_effects,bigram3,-18.893035330784866,-19.037782463632045,TRUE
who should Name find out who does n't watch *T* ?,-19.171661048614087,-230.05993258336906,bad,wh_island,550,syntax,island_effects,bigram4,-19.004994381947423,-19.171661048614087,TRUE
who should Name find out she does n't watch *T* ?,-19.004994381947423,-228.0599325833691,good,wh_island,550,syntax,island_effects,bigram4,-19.004994381947423,-19.171661048614087,TRUE
who should Name find out who does n't watch *T* ?,-18.966483915634942,-227.5978069876193,bad,wh_island,550,syntax,island_effects,bigram5,-18.79252867886408,-18.966483915634942,TRUE
who should Name find out she does n't watch *T* ?,-18.79252867886408,-225.51034414636894,good,wh_island,550,syntax,island_effects,bigram5,-18.79252867886408,-18.966483915634942,TRUE
who should Name find out who does n't watch *T* ?,-19.20815852027975,-230.497902243357,bad,wh_island,550,syntax,island_effects,bigram6,-19.05754561010828,-19.20815852027975,TRUE
who should Name find out she does n't watch *T* ?,-19.05754561010828,-228.69054732129936,good,wh_island,550,syntax,island_effects,bigram6,-19.05754561010828,-19.20815852027975,TRUE
who should Name find out who does n't watch *T* ?,-19.3131889236398,-231.7582670836776,bad,wh_island,550,syntax,island_effects,bigram7,-19.049028506852935,-19.3131889236398,TRUE
who should Name find out she does n't watch *T* ?,-19.049028506852935,-228.58834208223527,good,wh_island,550,syntax,island_effects,bigram7,-19.049028506852935,-19.3131889236398,TRUE
who should Name find out who does n't watch *T* ?,-19.07869319500259,-228.9443183400311,bad,wh_island,550,syntax,island_effects,bigram8,-18.81453277821573,-19.07869319500259,TRUE
who should Name find out she does n't watch *T* ?,-18.81453277821573,-225.77439333858877,good,wh_island,550,syntax,island_effects,bigram8,-18.81453277821573,-19.07869319500259,TRUE
who should Name find out who does n't watch *T* ?,-19.108411722379262,-229.30094066855114,bad,wh_island,550,syntax,island_effects,bigram9,-18.99049193077269,-19.108411722379262,TRUE
who should Name find out she does n't watch *T* ?,-18.99049193077269,-227.8859031692723,good,wh_island,550,syntax,island_effects,bigram9,-18.99049193077269,-19.108411722379262,TRUE
who should Name remember he watches *T* ?,-19.307923785288,-173.77131406759202,good,wh_island,555,syntax,island_effects,bigram1,-19.307923785288,-19.484030729812577,TRUE
who should Name remember who watches *T* ?,-19.484030729812577,-175.3562765683132,bad,wh_island,555,syntax,island_effects,bigram1,-19.307923785288,-19.484030729812577,TRUE
who should Name remember he watches *T* ?,-19.30741361888701,-173.7667225699831,good,wh_island,555,syntax,island_effects,bigram10,-19.30741361888701,-19.483520563411584,TRUE
who should Name remember who watches *T* ?,-19.483520563411584,-175.35168507070426,bad,wh_island,555,syntax,island_effects,bigram10,-19.30741361888701,-19.483520563411584,TRUE
who should Name remember he watches *T* ?,-19.154973172547404,-172.39475855292665,good,wh_island,555,syntax,island_effects,bigram2,-19.154973172547404,-19.41296518309044,TRUE
who should Name remember who watches *T* ?,-19.41296518309044,-174.716686647814,bad,wh_island,555,syntax,island_effects,bigram2,-19.154973172547404,-19.41296518309044,TRUE
who should Name remember he watches *T* ?,-19.29204717135698,-173.62842454221283,good,wh_island,555,syntax,island_effects,bigram3,-19.29204717135698,-19.468154115881557,TRUE
who should Name remember who watches *T* ?,-19.468154115881557,-175.213387042934,bad,wh_island,555,syntax,island_effects,bigram3,-19.29204717135698,-19.468154115881557,TRUE
who should Name remember he watches *T* ?,-19.29838764462135,-173.68548880159216,good,wh_island,555,syntax,island_effects,bigram4,-19.29838764462135,-19.474494589145923,TRUE
who should Name remember who watches *T* ?,-19.474494589145923,-175.27045130231332,bad,wh_island,555,syntax,island_effects,bigram4,-19.29838764462135,-19.474494589145923,TRUE
who should Name remember he watches *T* ?,-19.3204472901413,-173.88402561127168,good,wh_island,555,syntax,island_effects,bigram5,-19.3204472901413,-19.496554234665872,TRUE
who should Name remember who watches *T* ?,-19.496554234665872,-175.46898811199284,bad,wh_island,555,syntax,island_effects,bigram5,-19.3204472901413,-19.496554234665872,TRUE
who should Name remember he watches *T* ?,-19.28761819254328,-173.58856373288953,good,wh_island,555,syntax,island_effects,bigram6,-19.28761819254328,-19.46372513706785,TRUE
who should Name remember who watches *T* ?,-19.46372513706785,-175.17352623361066,bad,wh_island,555,syntax,island_effects,bigram6,-19.28761819254328,-19.46372513706785,TRUE
who should Name remember he watches *T* ?,-19.2382712162754,-173.1444409464786,good,wh_island,555,syntax,island_effects,bigram7,-19.2382712162754,-19.49626322681844,TRUE
who should Name remember who watches *T* ?,-19.49626322681844,-175.46636904136597,bad,wh_island,555,syntax,island_effects,bigram7,-19.2382712162754,-19.49626322681844,TRUE
who should Name remember he watches *T* ?,-19.283370039067083,-173.55033035160375,good,wh_island,555,syntax,island_effects,bigram8,-19.283370039067083,-19.459476983591657,TRUE
who should Name remember who watches *T* ?,-19.459476983591657,-175.1352928523249,bad,wh_island,555,syntax,island_effects,bigram8,-19.283370039067083,-19.459476983591657,TRUE
who should Name remember he watches *T* ?,-19.372825113914992,-174.35542602523492,good,wh_island,555,syntax,island_effects,bigram9,-19.372825113914992,-19.548932058439565,TRUE
who should Name remember who watches *T* ?,-19.548932058439565,-175.94038852595608,bad,wh_island,555,syntax,island_effects,bigram9,-19.372825113914992,-19.548932058439565,TRUE
what might Name realize who does n't hide *T* ?,-19.040732508962027,-209.4480575985823,bad,wh_island,567,syntax,island_effects,bigram1,-18.62949960386593,-19.040732508962027,TRUE
what might Name realize he does n't hide *T* ?,-18.62949960386593,-204.92449564252524,good,wh_island,567,syntax,island_effects,bigram1,-18.62949960386593,-19.040732508962027,TRUE
what might Name realize who does n't hide *T* ?,-19.019238255421563,-209.2116208096372,bad,wh_island,567,syntax,island_effects,bigram10,-18.51997888302796,-19.019238255421563,TRUE
what might Name realize he does n't hide *T* ?,-18.51997888302796,-203.7197677133075,good,wh_island,567,syntax,island_effects,bigram10,-18.51997888302796,-19.019238255421563,TRUE
what might Name realize who does n't hide *T* ?,-18.810355919359107,-206.91391511295018,bad,wh_island,567,syntax,island_effects,bigram2,-18.446719555722744,-18.810355919359107,TRUE
what might Name realize he does n't hide *T* ?,-18.446719555722744,-202.91391511295018,good,wh_island,567,syntax,island_effects,bigram2,-18.446719555722744,-18.810355919359107,TRUE
what might Name realize who does n't hide *T* ?,-18.87571449711648,-207.63285946828123,bad,wh_island,567,syntax,island_effects,bigram3,-18.50412696609372,-18.87571449711648,TRUE
what might Name realize he does n't hide *T* ?,-18.50412696609372,-203.5453966270309,good,wh_island,567,syntax,island_effects,bigram3,-18.50412696609372,-18.87571449711648,TRUE
what might Name realize who does n't hide *T* ?,-19.04641373708429,-209.5105511079272,bad,wh_island,567,syntax,island_effects,bigram4,-18.644026032111373,-19.04641373708429,TRUE
what might Name realize he does n't hide *T* ?,-18.644026032111373,-205.0842863532251,good,wh_island,567,syntax,island_effects,bigram4,-18.644026032111373,-19.04641373708429,TRUE
what might Name realize who does n't hide *T* ?,-18.99605036832294,-208.95655405155233,bad,wh_island,567,syntax,island_effects,bigram5,-18.576531291585194,-18.99605036832294,TRUE
what might Name realize he does n't hide *T* ?,-18.576531291585194,-204.34184420743713,good,wh_island,567,syntax,island_effects,bigram5,-18.576531291585194,-18.99605036832294,TRUE
what might Name realize who does n't hide *T* ?,-18.982711050127225,-208.8098215513995,bad,wh_island,567,syntax,island_effects,bigram6,-18.55539834847804,-18.982711050127225,TRUE
what might Name realize he does n't hide *T* ?,-18.55539834847804,-204.10938183325842,good,wh_island,567,syntax,island_effects,bigram6,-18.55539834847804,-18.982711050127225,TRUE
what might Name realize who does n't hide *T* ?,-19.01173489452485,-209.12908383977333,bad,wh_island,567,syntax,island_effects,bigram7,-18.58442219287566,-19.01173489452485,TRUE
what might Name realize he does n't hide *T* ?,-18.58442219287566,-204.42864412163226,good,wh_island,567,syntax,island_effects,bigram7,-18.58442219287566,-19.01173489452485,TRUE
what might Name realize who does n't hide *T* ?,-19.02159222661898,-209.2375144928088,bad,wh_island,567,syntax,island_effects,bigram8,-18.53138155182091,-19.02159222661898,TRUE
what might Name realize he does n't hide *T* ?,-18.53138155182091,-203.84519707003003,good,wh_island,567,syntax,island_effects,bigram8,-18.53138155182091,-19.02159222661898,TRUE
what might Name realize who does n't hide *T* ?,-18.9154146312094,-208.06956094330343,bad,wh_island,567,syntax,island_effects,bigram9,-18.549073963628125,-18.9154146312094,TRUE
what might Name realize he does n't hide *T* ?,-18.549073963628125,-204.03981359990937,good,wh_island,567,syntax,island_effects,bigram9,-18.549073963628125,-18.9154146312094,TRUE
what had Name found out he could walk through *T* ?,-19.743807796674,-236.925693560088,good,wh_island,582,syntax,island_effects,bigram1,-19.743807796674,-19.894420706845462,TRUE
what had Name found out who could walk through *T* ?,-19.894420706845462,-238.7330484821456,bad,wh_island,582,syntax,island_effects,bigram1,-19.743807796674,-19.894420706845462,TRUE
what had Name found out he could walk through *T* ?,-19.657449870849494,-235.8893984501939,good,wh_island,582,syntax,island_effects,bigram10,-19.657449870849494,-19.789530079242923,TRUE
what had Name found out who could walk through *T* ?,-19.789530079242923,-237.47436095091507,bad,wh_island,582,syntax,island_effects,bigram10,-19.657449870849494,-19.789530079242923,TRUE
what had Name found out he could walk through *T* ?,-19.64423440873135,-235.7308129047762,good,wh_island,582,syntax,island_effects,bigram2,-19.64423440873135,-19.810901075398014,TRUE
what had Name found out who could walk through *T* ?,-19.810901075398014,-237.7308129047762,bad,wh_island,582,syntax,island_effects,bigram2,-19.64423440873135,-19.810901075398014,TRUE
what had Name found out he could walk through *T* ?,-19.585563330842543,-235.0267599701105,good,wh_island,582,syntax,island_effects,bigram3,-19.585563330842543,-19.71764353923597,TRUE
what had Name found out who could walk through *T* ?,-19.71764353923597,-236.61172247083167,bad,wh_island,582,syntax,island_effects,bigram3,-19.585563330842543,-19.71764353923597,TRUE
what had Name found out he could walk through *T* ?,-19.55049385899476,-234.60592630793712,good,wh_island,582,syntax,island_effects,bigram4,-19.55049385899476,-19.73132094244829,TRUE
what had Name found out who could walk through *T* ?,-19.73132094244829,-236.77585130937945,bad,wh_island,582,syntax,island_effects,bigram4,-19.55049385899476,-19.73132094244829,TRUE
what had Name found out he could walk through *T* ?,-19.60317961015335,-235.2381553218402,good,wh_island,582,syntax,island_effects,bigram5,-19.60317961015335,-19.76984627682001,TRUE
what had Name found out who could walk through *T* ?,-19.76984627682001,-237.2381553218402,bad,wh_island,582,syntax,island_effects,bigram5,-19.60317961015335,-19.76984627682001,TRUE
what had Name found out he could walk through *T* ?,-19.574042291172155,-234.88850749406586,good,wh_island,582,syntax,island_effects,bigram6,-19.574042291172155,-19.75486937462568,TRUE
what had Name found out who could walk through *T* ?,-19.75486937462568,-237.05843249550819,bad,wh_island,582,syntax,island_effects,bigram6,-19.574042291172155,-19.75486937462568,TRUE
what had Name found out he could walk through *T* ?,-19.717515130874546,-236.61018157049455,good,wh_island,582,syntax,island_effects,bigram7,-19.717515130874546,-19.951461374379345,TRUE
what had Name found out who could walk through *T* ?,-19.951461374379345,-239.41753649255213,bad,wh_island,582,syntax,island_effects,bigram7,-19.717515130874546,-19.951461374379345,TRUE
what had Name found out he could walk through *T* ?,-19.61362080490077,-235.36344965880917,good,wh_island,582,syntax,island_effects,bigram8,-19.61362080490077,-19.79444788835429,TRUE
what had Name found out who could walk through *T* ?,-19.79444788835429,-237.5333746602515,bad,wh_island,582,syntax,island_effects,bigram8,-19.61362080490077,-19.79444788835429,TRUE
what had Name found out he could walk through *T* ?,-19.57376895920355,-234.8852275104426,good,wh_island,582,syntax,island_effects,bigram9,-19.57376895920355,-19.740435625870216,TRUE
what had Name found out who could walk through *T* ?,-19.740435625870216,-236.8852275104426,bad,wh_island,582,syntax,island_effects,bigram9,-19.57376895920355,-19.740435625870216,TRUE
what could n't Name find out he broke *T* ?,-18.750150944161703,-206.25166038577873,good,wh_island,612,syntax,island_effects,bigram1,-18.750150944161703,-18.803329353318176,TRUE
what could n't Name find out what broke *T* ?,-18.803329353318176,-206.83662288649992,bad,wh_island,612,syntax,island_effects,bigram1,-18.750150944161703,-18.803329353318176,TRUE
what could n't Name find out he broke *T* ?,-18.791056396963384,-206.70162036659724,good,wh_island,612,syntax,island_effects,bigram10,-18.791056396963384,-18.767144178251225,FALSE
what could n't Name find out what broke *T* ?,-18.767144178251225,-206.43858596076345,bad,wh_island,612,syntax,island_effects,bigram10,-18.791056396963384,-18.767144178251225,FALSE
what could n't Name find out he broke *T* ?,-18.6353524700574,-204.98887717063138,good,wh_island,612,syntax,island_effects,bigram2,-18.6353524700574,-18.664618660501706,TRUE
what could n't Name find out what broke *T* ?,-18.664618660501706,-205.31080526551875,bad,wh_island,612,syntax,island_effects,bigram2,-18.6353524700574,-18.664618660501706,TRUE
what could n't Name find out he broke *T* ?,-18.727180669734462,-205.99898736707914,good,wh_island,612,syntax,island_effects,bigram3,-18.727180669734462,-18.616054085976607,FALSE
what could n't Name find out what broke *T* ?,-18.616054085976607,-204.7765949457427,bad,wh_island,612,syntax,island_effects,bigram3,-18.727180669734462,-18.616054085976607,FALSE
what could n't Name find out he broke *T* ?,-18.835825222102905,-207.19407744313196,good,wh_island,612,syntax,island_effects,bigram4,-18.835825222102905,-18.835825222102905,FALSE
what could n't Name find out what broke *T* ?,-18.835825222102905,-207.19407744313196,bad,wh_island,612,syntax,island_effects,bigram4,-18.835825222102905,-18.835825222102905,FALSE
what could n't Name find out he broke *T* ?,-18.568299756101226,-204.25129731711345,good,wh_island,612,syntax,island_effects,bigram5,-18.568299756101226,-18.53903356565692,FALSE
what could n't Name find out what broke *T* ?,-18.53903356565692,-203.92936922222611,bad,wh_island,612,syntax,island_effects,bigram5,-18.568299756101226,-18.53903356565692,FALSE
what could n't Name find out he broke *T* ?,-18.774124926630385,-206.51537419293422,good,wh_island,612,syntax,island_effects,bigram6,-18.774124926630385,-18.774124926630385,FALSE
what could n't Name find out what broke *T* ?,-18.774124926630385,-206.51537419293422,bad,wh_island,612,syntax,island_effects,bigram6,-18.774124926630385,-18.774124926630385,FALSE
what could n't Name find out he broke *T* ?,-18.664205228086654,-205.30625750895325,good,wh_island,612,syntax,island_effects,bigram7,-18.664205228086654,-18.62007551652573,FALSE
what could n't Name find out what broke *T* ?,-18.62007551652573,-204.82083068178304,bad,wh_island,612,syntax,island_effects,bigram7,-18.664205228086654,-18.62007551652573,FALSE
what could n't Name find out he broke *T* ?,-18.62787757028649,-204.9066532731514,good,wh_island,612,syntax,island_effects,bigram8,-18.62787757028649,-18.6571437607308,TRUE
what could n't Name find out what broke *T* ?,-18.6571437607308,-205.22858136803876,bad,wh_island,612,syntax,island_effects,bigram8,-18.62787757028649,-18.6571437607308,TRUE
what could n't Name find out he broke *T* ?,-18.706067424669435,-205.76674167136377,good,wh_island,612,syntax,island_effects,bigram9,-18.706067424669435,-18.682155205957272,FALSE
what could n't Name find out what broke *T* ?,-18.682155205957272,-205.50370726552998,bad,wh_island,612,syntax,island_effects,bigram9,-18.706067424669435,-18.682155205957272,FALSE
who could n't Name know who might care for *T* ?,-19.202754964443727,-230.43305957332473,bad,wh_island,617,syntax,island_effects,bigram1,-19.33483517283716,-19.202754964443727,FALSE
who could n't Name know she might care for *T* ?,-19.33483517283716,-232.01802207404586,good,wh_island,617,syntax,island_effects,bigram1,-19.33483517283716,-19.202754964443727,FALSE
who could n't Name know who might care for *T* ?,-19.253485830073146,-231.0418299608777,bad,wh_island,617,syntax,island_effects,bigram10,-19.272018531851177,-19.253485830073146,FALSE
who could n't Name know she might care for *T* ?,-19.272018531851177,-231.26422238221414,good,wh_island,617,syntax,island_effects,bigram10,-19.272018531851177,-19.253485830073146,FALSE
who could n't Name know who might care for *T* ?,-19.143657913450447,-229.72389496140536,bad,wh_island,617,syntax,island_effects,bigram2,-19.143657913450447,-19.143657913450447,FALSE
who could n't Name know she might care for *T* ?,-19.143657913450447,-229.72389496140536,good,wh_island,617,syntax,island_effects,bigram2,-19.143657913450447,-19.143657913450447,FALSE
who could n't Name know who might care for *T* ?,-19.213133056404946,-230.55759667685936,bad,wh_island,617,syntax,island_effects,bigram3,-19.231665758182984,-19.213133056404946,FALSE
who could n't Name know she might care for *T* ?,-19.231665758182984,-230.7799890981958,good,wh_island,617,syntax,island_effects,bigram3,-19.231665758182984,-19.213133056404946,FALSE
who could n't Name know who might care for *T* ?,-19.15414077039156,-229.84968924469874,bad,wh_island,617,syntax,island_effects,bigram4,-19.1726734721696,-19.15414077039156,FALSE
who could n't Name know she might care for *T* ?,-19.1726734721696,-230.0720816660352,good,wh_island,617,syntax,island_effects,bigram4,-19.1726734721696,-19.15414077039156,FALSE
who could n't Name know who might care for *T* ?,-19.20403053402017,-230.44836640824204,bad,wh_island,617,syntax,island_effects,bigram5,-19.13336412514059,-19.20403053402017,TRUE
who could n't Name know she might care for *T* ?,-19.13336412514059,-229.60036950168708,good,wh_island,617,syntax,island_effects,bigram5,-19.13336412514059,-19.20403053402017,TRUE
who could n't Name know who might care for *T* ?,-19.21100646936276,-230.53207763235312,bad,wh_island,617,syntax,island_effects,bigram6,-19.18908693554328,-19.21100646936276,TRUE
who could n't Name know she might care for *T* ?,-19.18908693554328,-230.2690432265193,good,wh_island,617,syntax,island_effects,bigram6,-19.18908693554328,-19.21100646936276,TRUE
who could n't Name know who might care for *T* ?,-19.19945253311008,-230.39343039732097,bad,wh_island,617,syntax,island_effects,bigram7,-19.350065443281547,-19.19945253311008,FALSE
who could n't Name know she might care for *T* ?,-19.350065443281547,-232.20078531937855,good,wh_island,617,syntax,island_effects,bigram7,-19.350065443281547,-19.19945253311008,FALSE
who could n't Name know who might care for *T* ?,-19.20282774701373,-230.43393296416477,bad,wh_island,617,syntax,island_effects,bigram8,-19.3207475386203,-19.20282774701373,FALSE
who could n't Name know she might care for *T* ?,-19.3207475386203,-231.8489704634436,good,wh_island,617,syntax,island_effects,bigram8,-19.3207475386203,-19.20282774701373,FALSE
who could n't Name know who might care for *T* ?,-19.287537177396214,-231.45044612875455,bad,wh_island,617,syntax,island_effects,bigram9,-19.287537177396214,-19.287537177396214,FALSE
who could n't Name know she might care for *T* ?,-19.287537177396214,-231.45044612875455,good,wh_island,617,syntax,island_effects,bigram9,-19.287537177396214,-19.287537177396214,FALSE
who will n't Name figure out who was talking to *T* ?,-19.06271263535479,-247.81526425961226,bad,wh_island,620,syntax,island_effects,bigram1,-19.0177155199147,-19.06271263535479,TRUE
who will n't Name figure out she was talking to *T* ?,-19.0177155199147,-247.2303017588911,good,wh_island,620,syntax,island_effects,bigram1,-19.0177155199147,-19.06271263535479,TRUE
who will n't Name figure out who was talking to *T* ?,-18.963230185421093,-246.5219924104742,bad,wh_island,620,syntax,island_effects,bigram10,-19.04015326234417,-18.963230185421093,FALSE
who will n't Name figure out she was talking to *T* ?,-19.04015326234417,-247.5219924104742,good,wh_island,620,syntax,island_effects,bigram10,-19.04015326234417,-18.963230185421093,FALSE
who will n't Name figure out who was talking to *T* ?,-19.034554606186006,-247.4492098804181,bad,wh_island,620,syntax,island_effects,bigram2,-18.98955749074592,-19.034554606186006,TRUE
who will n't Name figure out she was talking to *T* ?,-18.98955749074592,-246.86424737969693,good,wh_island,620,syntax,island_effects,bigram2,-18.98955749074592,-19.034554606186006,TRUE
who will n't Name figure out who was talking to *T* ?,-18.9991626734491,-246.9891147548383,bad,wh_island,620,syntax,island_effects,bigram3,-19.07608575037218,-18.9991626734491,FALSE
who will n't Name figure out she was talking to *T* ?,-19.07608575037218,-247.9891147548383,good,wh_island,620,syntax,island_effects,bigram3,-19.07608575037218,-18.9991626734491,FALSE
who will n't Name figure out who was talking to *T* ?,-18.99669924115009,-246.95709013495113,bad,wh_island,620,syntax,island_effects,bigram4,-18.95170212571,-18.99669924115009,TRUE
who will n't Name figure out she was talking to *T* ?,-18.95170212571,-246.37212763422997,good,wh_island,620,syntax,island_effects,bigram4,-18.95170212571,-18.99669924115009,TRUE
who will n't Name figure out who was talking to *T* ?,-19.027119980017023,-247.3525597402213,bad,wh_island,620,syntax,island_effects,bigram5,-19.059045941500013,-19.027119980017023,FALSE
who will n't Name figure out she was talking to *T* ?,-19.059045941500013,-247.76759723950016,good,wh_island,620,syntax,island_effects,bigram5,-19.059045941500013,-19.027119980017023,FALSE
who will n't Name figure out who was talking to *T* ?,-18.97631807534881,-246.6921349795346,bad,wh_island,620,syntax,island_effects,bigram6,-19.05324115227189,-18.97631807534881,FALSE
who will n't Name figure out she was talking to *T* ?,-19.05324115227189,-247.6921349795346,good,wh_island,620,syntax,island_effects,bigram6,-19.05324115227189,-18.97631807534881,FALSE
who will n't Name figure out who was talking to *T* ?,-19.024159639074217,-247.3140753079648,bad,wh_island,620,syntax,island_effects,bigram7,-19.024159639074217,-19.024159639074217,FALSE
who will n't Name figure out she was talking to *T* ?,-19.024159639074217,-247.3140753079648,good,wh_island,620,syntax,island_effects,bigram7,-19.024159639074217,-19.024159639074217,FALSE
who will n't Name figure out who was talking to *T* ?,-18.947767212576977,-246.32097376350072,bad,wh_island,620,syntax,island_effects,bigram8,-18.979693174059967,-18.947767212576977,FALSE
who will n't Name figure out she was talking to *T* ?,-18.979693174059967,-246.73601126277956,good,wh_island,620,syntax,island_effects,bigram8,-18.979693174059967,-18.947767212576977,FALSE
who will n't Name figure out who was talking to *T* ?,-19.003671496774164,-247.0477294580641,bad,wh_island,620,syntax,island_effects,bigram9,-19.003671496774164,-19.003671496774164,FALSE
who will n't Name figure out she was talking to *T* ?,-19.003671496774164,-247.0477294580641,good,wh_island,620,syntax,island_effects,bigram9,-19.003671496774164,-19.003671496774164,FALSE
what can n't Name figure out she should n't take *T* ?,-18.563301869811767,-241.32292430755297,good,wh_island,672,syntax,island_effects,bigram1,-18.563301869811767,-18.48637879288869,FALSE
what can n't Name figure out who should n't take *T* ?,-18.48637879288869,-240.32292430755297,bad,wh_island,672,syntax,island_effects,bigram1,-18.563301869811767,-18.48637879288869,FALSE
what can n't Name figure out she should n't take *T* ?,-18.464632555016827,-240.04022321521876,good,wh_island,672,syntax,island_effects,bigram10,-18.464632555016827,-18.38770947809375,FALSE
what can n't Name figure out who should n't take *T* ?,-18.38770947809375,-239.04022321521876,bad,wh_island,672,syntax,island_effects,bigram10,-18.464632555016827,-18.38770947809375,FALSE
what can n't Name figure out she should n't take *T* ?,-18.52157257628744,-240.78044349173666,good,wh_island,672,syntax,island_effects,bigram2,-18.52157257628744,-18.44464949936436,FALSE
what can n't Name figure out who should n't take *T* ?,-18.44464949936436,-239.78044349173666,bad,wh_island,672,syntax,island_effects,bigram2,-18.52157257628744,-18.44464949936436,FALSE
what can n't Name figure out she should n't take *T* ?,-18.57200117925468,-241.4360153303108,good,wh_island,672,syntax,island_effects,bigram3,-18.57200117925468,-18.4950781023316,FALSE
what can n't Name figure out who should n't take *T* ?,-18.4950781023316,-240.4360153303108,bad,wh_island,672,syntax,island_effects,bigram3,-18.57200117925468,-18.4950781023316,FALSE
what can n't Name figure out she should n't take *T* ?,-18.61920632077606,-242.04968217008877,good,wh_island,672,syntax,island_effects,bigram4,-18.61920632077606,-18.54228324385298,FALSE
what can n't Name figure out who should n't take *T* ?,-18.54228324385298,-241.04968217008877,bad,wh_island,672,syntax,island_effects,bigram4,-18.61920632077606,-18.54228324385298,FALSE
what can n't Name figure out she should n't take *T* ?,-18.54062533282256,-241.02812932669323,good,wh_island,672,syntax,island_effects,bigram5,-18.54062533282256,-18.46370225589948,FALSE
what can n't Name figure out who should n't take *T* ?,-18.46370225589948,-240.02812932669323,bad,wh_island,672,syntax,island_effects,bigram5,-18.54062533282256,-18.46370225589948,FALSE
what can n't Name figure out she should n't take *T* ?,-18.44770321856389,-239.82014184133064,good,wh_island,672,syntax,island_effects,bigram6,-18.44770321856389,-18.370780141640815,FALSE
what can n't Name figure out who should n't take *T* ?,-18.370780141640815,-238.82014184133064,bad,wh_island,672,syntax,island_effects,bigram6,-18.44770321856389,-18.370780141640815,FALSE
what can n't Name figure out she should n't take *T* ?,-18.45193331890979,-239.8751331458273,good,wh_island,672,syntax,island_effects,bigram7,-18.45193331890979,-18.45193331890979,FALSE
what can n't Name figure out who should n't take *T* ?,-18.45193331890979,-239.8751331458273,bad,wh_island,672,syntax,island_effects,bigram7,-18.45193331890979,-18.45193331890979,FALSE
what can n't Name figure out she should n't take *T* ?,-18.600324504980748,-241.80421856474973,good,wh_island,672,syntax,island_effects,bigram8,-18.600324504980748,-18.52340142805767,FALSE
what can n't Name figure out who should n't take *T* ?,-18.52340142805767,-240.80421856474973,bad,wh_island,672,syntax,island_effects,bigram8,-18.600324504980748,-18.52340142805767,FALSE
what can n't Name figure out she should n't take *T* ?,-18.442091394513508,-239.7471881286756,good,wh_island,672,syntax,island_effects,bigram9,-18.442091394513508,-18.36516831759043,FALSE
what can n't Name figure out who should n't take *T* ?,-18.36516831759043,-238.7471881286756,bad,wh_island,672,syntax,island_effects,bigram9,-18.442091394513508,-18.36516831759043,FALSE
who has n't Name found out who did fire *T* ?,-19.628986918381216,-235.5478430205746,bad,wh_island,681,syntax,island_effects,bigram1,-19.58853468278369,-19.628986918381216,TRUE
who has n't Name found out she did fire *T* ?,-19.58853468278369,-235.06241619340432,good,wh_island,681,syntax,island_effects,bigram1,-19.58853468278369,-19.628986918381216,TRUE
who has n't Name found out who did fire *T* ?,-19.921553187380358,-239.05863824856425,bad,wh_island,681,syntax,island_effects,bigram10,-19.71660055249391,-19.921553187380358,TRUE
who has n't Name found out she did fire *T* ?,-19.71660055249391,-236.59920662992695,good,wh_island,681,syntax,island_effects,bigram10,-19.71660055249391,-19.921553187380358,TRUE
who has n't Name found out who did fire *T* ?,-19.860935439596247,-238.33122527515496,bad,wh_island,681,syntax,island_effects,bigram2,-19.710322529424783,-19.860935439596247,TRUE
who has n't Name found out she did fire *T* ?,-19.710322529424783,-236.52387035309738,good,wh_island,681,syntax,island_effects,bigram2,-19.710322529424783,-19.860935439596247,TRUE
who has n't Name found out who did fire *T* ?,-19.790107963346205,-237.48129556015445,bad,wh_island,681,syntax,island_effects,bigram3,-19.57469442161944,-19.790107963346205,TRUE
who has n't Name found out she did fire *T* ?,-19.57469442161944,-234.8963330594333,good,wh_island,681,syntax,island_effects,bigram3,-19.57469442161944,-19.790107963346205,TRUE
who has n't Name found out who did fire *T* ?,-19.5184010371007,-234.2208124452084,bad,wh_island,681,syntax,island_effects,bigram4,-19.53106796155445,-19.5184010371007,FALSE
who has n't Name found out she did fire *T* ?,-19.53106796155445,-234.37281553865344,good,wh_island,681,syntax,island_effects,bigram4,-19.53106796155445,-19.5184010371007,FALSE
who has n't Name found out who did fire *T* ?,-19.639765424894826,-235.6771850987379,bad,wh_island,681,syntax,island_effects,bigram5,-19.599313189297305,-19.639765424894826,TRUE
who has n't Name found out she did fire *T* ?,-19.599313189297305,-235.19175827156766,good,wh_island,681,syntax,island_effects,bigram5,-19.599313189297305,-19.639765424894826,TRUE
who has n't Name found out who did fire *T* ?,-19.83172585000697,-237.98071020008368,bad,wh_island,681,syntax,island_effects,bigram6,-19.665059183340308,-19.83172585000697,TRUE
who has n't Name found out she did fire *T* ?,-19.665059183340308,-235.98071020008368,good,wh_island,681,syntax,island_effects,bigram6,-19.665059183340308,-19.83172585000697,TRUE
who has n't Name found out who did fire *T* ?,-19.790515628186736,-237.4861875382408,bad,wh_island,681,syntax,island_effects,bigram7,-19.719849219307157,-19.790515628186736,TRUE
who has n't Name found out she did fire *T* ?,-19.719849219307157,-236.63819063168586,good,wh_island,681,syntax,island_effects,bigram7,-19.719849219307157,-19.790515628186736,TRUE
who has n't Name found out who did fire *T* ?,-19.628189135331624,-235.5382696239795,bad,wh_island,681,syntax,island_effects,bigram8,-19.606269601512142,-19.628189135331624,TRUE
who has n't Name found out she did fire *T* ?,-19.606269601512142,-235.2752352181457,good,wh_island,681,syntax,island_effects,bigram8,-19.606269601512142,-19.628189135331624,TRUE
who has n't Name found out who did fire *T* ?,-19.60373849959205,-235.24486199510463,bad,wh_island,681,syntax,island_effects,bigram9,-19.59227987261289,-19.60373849959205,TRUE
who has n't Name found out she did fire *T* ?,-19.59227987261289,-235.1073584713547,good,wh_island,681,syntax,island_effects,bigram9,-19.59227987261289,-19.60373849959205,TRUE
what can Name forget who was buying *T* ?,-19.125780422006702,-191.25780422006704,bad,wh_island,70,syntax,island_effects,bigram1,-18.967284171934587,-19.125780422006702,TRUE
what can Name forget she was buying *T* ?,-18.967284171934587,-189.67284171934585,good,wh_island,70,syntax,island_effects,bigram1,-18.967284171934587,-19.125780422006702,TRUE
what can Name forget who was buying *T* ?,-18.99714796639924,-189.97147966399237,bad,wh_island,70,syntax,island_effects,bigram10,-18.99714796639924,-18.99714796639924,FALSE
what can Name forget she was buying *T* ?,-18.99714796639924,-189.97147966399237,good,wh_island,70,syntax,island_effects,bigram10,-18.99714796639924,-18.99714796639924,FALSE
what can Name forget who was buying *T* ?,-19.05525757240333,-190.55257572403332,bad,wh_island,70,syntax,island_effects,bigram2,-18.896761322331216,-19.05525757240333,TRUE
what can Name forget she was buying *T* ?,-18.896761322331216,-188.96761322331216,good,wh_island,70,syntax,island_effects,bigram2,-18.896761322331216,-19.05525757240333,TRUE
what can Name forget who was buying *T* ?,-18.97098084588706,-189.70980845887058,bad,wh_island,70,syntax,island_effects,bigram3,-18.97098084588706,-18.97098084588706,FALSE
what can Name forget she was buying *T* ?,-18.97098084588706,-189.70980845887058,good,wh_island,70,syntax,island_effects,bigram3,-18.97098084588706,-18.97098084588706,FALSE
what can Name forget who was buying *T* ?,-19.10636618949861,-191.0636618949861,bad,wh_island,70,syntax,island_effects,bigram4,-18.947869939426496,-19.10636618949861,TRUE
what can Name forget she was buying *T* ?,-18.947869939426496,-189.47869939426496,good,wh_island,70,syntax,island_effects,bigram4,-18.947869939426496,-19.10636618949861,TRUE
what can Name forget who was buying *T* ?,-19.075182403677253,-190.75182403677252,bad,wh_island,70,syntax,island_effects,bigram5,-19.016686153605136,-19.075182403677253,TRUE
what can Name forget she was buying *T* ?,-19.016686153605136,-190.16686153605136,good,wh_island,70,syntax,island_effects,bigram5,-19.016686153605136,-19.075182403677253,TRUE
what can Name forget who was buying *T* ?,-18.93796215958019,-189.37962159580192,bad,wh_island,70,syntax,island_effects,bigram6,-18.93796215958019,-18.93796215958019,FALSE
what can Name forget she was buying *T* ?,-18.93796215958019,-189.37962159580192,good,wh_island,70,syntax,island_effects,bigram6,-18.93796215958019,-18.93796215958019,FALSE
what can Name forget who was buying *T* ?,-19.014446900267583,-190.14446900267586,bad,wh_island,70,syntax,island_effects,bigram7,-19.014446900267583,-19.014446900267583,FALSE
what can Name forget she was buying *T* ?,-19.014446900267583,-190.14446900267586,good,wh_island,70,syntax,island_effects,bigram7,-19.014446900267583,-19.014446900267583,FALSE
what can Name forget who was buying *T* ?,-18.901852558087416,-189.01852558087415,bad,wh_island,70,syntax,island_effects,bigram8,-18.8433563080153,-18.901852558087416,TRUE
what can Name forget she was buying *T* ?,-18.8433563080153,-188.433563080153,good,wh_island,70,syntax,island_effects,bigram8,-18.8433563080153,-18.901852558087416,TRUE
what can Name forget who was buying *T* ?,-19.111231948243613,-191.11231948243613,bad,wh_island,70,syntax,island_effects,bigram9,-19.01123194824361,-19.111231948243613,TRUE
what can Name forget she was buying *T* ?,-19.01123194824361,-190.11231948243613,good,wh_island,70,syntax,island_effects,bigram9,-19.01123194824361,-19.111231948243613,TRUE
what can Name find out who would take *T* ?,-18.96527114545678,-208.61798260002456,bad,wh_island,720,syntax,island_effects,bigram1,-18.891875243451544,-18.96527114545678,TRUE
what can Name find out he would take *T* ?,-18.891875243451544,-207.81062767796698,good,wh_island,720,syntax,island_effects,bigram1,-18.891875243451544,-18.96527114545678,TRUE
what can Name find out who would take *T* ?,-19.02605298793804,-209.2865828673184,bad,wh_island,720,syntax,island_effects,bigram10,-18.844234806119854,-19.02605298793804,TRUE
what can Name find out he would take *T* ?,-18.844234806119854,-207.2865828673184,good,wh_island,720,syntax,island_effects,bigram10,-18.844234806119854,-19.02605298793804,TRUE
what can Name find out who would take *T* ?,-18.68853087921387,-205.57383967135257,bad,wh_island,720,syntax,island_effects,bigram2,-18.58217406090093,-18.68853087921387,TRUE
what can Name find out he would take *T* ?,-18.58217406090093,-204.40391466991025,good,wh_island,720,syntax,island_effects,bigram2,-18.58217406090093,-18.68853087921387,TRUE
what can Name find out who would take *T* ?,-18.79580680629478,-206.7538748692426,bad,wh_island,720,syntax,island_effects,bigram3,-18.675631524941384,-18.79580680629478,TRUE
what can Name find out he would take *T* ?,-18.675631524941384,-205.43194677435523,good,wh_island,720,syntax,island_effects,bigram3,-18.675631524941384,-18.79580680629478,TRUE
what can Name find out who would take *T* ?,-19.16783219451924,-210.84615413971164,bad,wh_island,720,syntax,island_effects,bigram4,-18.970566285297213,-19.16783219451924,TRUE
what can Name find out he would take *T* ?,-18.970566285297213,-208.67622913826935,good,wh_island,720,syntax,island_effects,bigram4,-18.970566285297213,-19.16783219451924,TRUE
what can Name find out who would take *T* ?,-18.93729009146973,-208.31019100616706,bad,wh_island,720,syntax,island_effects,bigram5,-18.77298509855541,-18.93729009146973,TRUE
what can Name find out he would take *T* ?,-18.77298509855541,-206.50283608410945,good,wh_island,720,syntax,island_effects,bigram5,-18.77298509855541,-18.93729009146973,TRUE
what can Name find out who would take *T* ?,-19.03713263536525,-209.40845898901776,bad,wh_island,720,syntax,island_effects,bigram6,-18.87282764245092,-19.03713263536525,TRUE
what can Name find out he would take *T* ?,-18.87282764245092,-207.60110406696012,good,wh_island,720,syntax,island_effects,bigram6,-18.87282764245092,-19.03713263536525,TRUE
what can Name find out who would take *T* ?,-18.981646418662084,-208.79811060528294,bad,wh_island,720,syntax,island_effects,bigram7,-18.837558918596528,-18.981646418662084,TRUE
what can Name find out he would take *T* ?,-18.837558918596528,-207.2131481045618,good,wh_island,720,syntax,island_effects,bigram7,-18.837558918596528,-18.981646418662084,TRUE
what can Name find out who would take *T* ?,-18.763500579043736,-206.39850636948108,bad,wh_island,720,syntax,island_effects,bigram8,-18.690104677038494,-18.763500579043736,TRUE
what can Name find out he would take *T* ?,-18.690104677038494,-205.59115144742347,good,wh_island,720,syntax,island_effects,bigram8,-18.690104677038494,-18.763500579043736,TRUE
what can Name find out who would take *T* ?,-18.90228827581529,-207.92517103396824,bad,wh_island,720,syntax,island_effects,bigram9,-18.828892373810056,-18.90228827581529,TRUE
what can Name find out he would take *T* ?,-18.828892373810056,-207.11781611191063,good,wh_island,720,syntax,island_effects,bigram9,-18.828892373810056,-18.90228827581529,TRUE
who might Name remember who helps *T* ?,-19.484030729812577,-175.3562765683132,bad,wh_island,725,syntax,island_effects,bigram1,-19.484030729812577,-19.484030729812577,FALSE
who might Name remember she helps *T* ?,-19.484030729812577,-175.3562765683132,good,wh_island,725,syntax,island_effects,bigram1,-19.484030729812577,-19.484030729812577,FALSE
who might Name remember who helps *T* ?,-19.483520563411584,-175.35168507070426,bad,wh_island,725,syntax,island_effects,bigram10,-19.372409452300477,-19.483520563411584,TRUE
who might Name remember she helps *T* ?,-19.372409452300477,-174.35168507070426,good,wh_island,725,syntax,island_effects,bigram10,-19.372409452300477,-19.483520563411584,TRUE
who might Name remember who helps *T* ?,-19.41296518309044,-174.716686647814,bad,wh_island,725,syntax,island_effects,bigram2,-19.30185407197933,-19.41296518309044,TRUE
who might Name remember she helps *T* ?,-19.30185407197933,-173.716686647814,good,wh_island,725,syntax,island_effects,bigram2,-19.30185407197933,-19.41296518309044,TRUE
who might Name remember who helps *T* ?,-19.468154115881557,-175.213387042934,bad,wh_island,725,syntax,island_effects,bigram3,-19.357043004770443,-19.468154115881557,TRUE
who might Name remember she helps *T* ?,-19.357043004770443,-174.213387042934,good,wh_island,725,syntax,island_effects,bigram3,-19.357043004770443,-19.468154115881557,TRUE
who might Name remember who helps *T* ?,-19.474494589145923,-175.27045130231332,bad,wh_island,725,syntax,island_effects,bigram4,-19.36338347803481,-19.474494589145923,TRUE
who might Name remember she helps *T* ?,-19.36338347803481,-174.27045130231332,good,wh_island,725,syntax,island_effects,bigram4,-19.36338347803481,-19.474494589145923,TRUE
who might Name remember who helps *T* ?,-19.496554234665872,-175.46898811199284,bad,wh_island,725,syntax,island_effects,bigram5,-19.38544312355476,-19.496554234665872,TRUE
who might Name remember she helps *T* ?,-19.38544312355476,-174.46898811199284,good,wh_island,725,syntax,island_effects,bigram5,-19.38544312355476,-19.496554234665872,TRUE
who might Name remember who helps *T* ?,-19.46372513706785,-175.17352623361066,bad,wh_island,725,syntax,island_effects,bigram6,-19.35261402595674,-19.46372513706785,TRUE
who might Name remember she helps *T* ?,-19.35261402595674,-174.17352623361066,good,wh_island,725,syntax,island_effects,bigram6,-19.35261402595674,-19.46372513706785,TRUE
who might Name remember who helps *T* ?,-19.49626322681844,-175.46636904136597,bad,wh_island,725,syntax,island_effects,bigram7,-19.49626322681844,-19.49626322681844,FALSE
who might Name remember she helps *T* ?,-19.49626322681844,-175.46636904136597,good,wh_island,725,syntax,island_effects,bigram7,-19.49626322681844,-19.49626322681844,FALSE
who might Name remember who helps *T* ?,-19.459476983591657,-175.1352928523249,bad,wh_island,725,syntax,island_effects,bigram8,-19.348365872480542,-19.459476983591657,TRUE
who might Name remember she helps *T* ?,-19.348365872480542,-174.1352928523249,good,wh_island,725,syntax,island_effects,bigram8,-19.348365872480542,-19.459476983591657,TRUE
who might Name remember who helps *T* ?,-19.548932058439565,-175.94038852595608,bad,wh_island,725,syntax,island_effects,bigram9,-19.43782094732845,-19.548932058439565,TRUE
who might Name remember she helps *T* ?,-19.43782094732845,-174.94038852595608,good,wh_island,725,syntax,island_effects,bigram9,-19.43782094732845,-19.548932058439565,TRUE
who could Name learn who was working with *T* ?,-19.64333030256621,-216.0766333282283,bad,wh_island,768,syntax,island_effects,bigram1,-19.49924280250065,-19.64333030256621,TRUE
who could Name learn she was working with *T* ?,-19.49924280250065,-214.4916708275071,good,wh_island,768,syntax,island_effects,bigram1,-19.49924280250065,-19.64333030256621,TRUE
who could Name learn who was working with *T* ?,-19.58747717589529,-215.4622489348482,bad,wh_island,768,syntax,island_effects,bigram10,-19.58747717589529,-19.58747717589529,FALSE
who could Name learn she was working with *T* ?,-19.58747717589529,-215.4622489348482,good,wh_island,768,syntax,island_effects,bigram10,-19.58747717589529,-19.58747717589529,FALSE
who could Name learn who was working with *T* ?,-19.5338687286844,-214.8725560155284,bad,wh_island,768,syntax,island_effects,bigram2,-19.389781228618844,-19.5338687286844,TRUE
who could Name learn she was working with *T* ?,-19.389781228618844,-213.28759351480727,good,wh_island,768,syntax,island_effects,bigram2,-19.389781228618844,-19.5338687286844,TRUE
who could Name learn who was working with *T* ?,-19.44957964122298,-213.94537605345275,bad,wh_island,768,syntax,island_effects,bigram3,-19.44957964122298,-19.44957964122298,FALSE
who could Name learn she was working with *T* ?,-19.44957964122298,-213.94537605345275,good,wh_island,768,syntax,island_effects,bigram3,-19.44957964122298,-19.44957964122298,FALSE
who could Name learn who was working with *T* ?,-19.56138961769537,-215.17528579464906,bad,wh_island,768,syntax,island_effects,bigram4,-19.41730211762981,-19.56138961769537,TRUE
who could Name learn she was working with *T* ?,-19.41730211762981,-213.5903232939279,good,wh_island,768,syntax,island_effects,bigram4,-19.41730211762981,-19.56138961769537,TRUE
who could Name learn who was working with *T* ?,-19.515447016199843,-214.6699171781983,bad,wh_island,768,syntax,island_effects,bigram5,-19.462268607043374,-19.515447016199843,TRUE
who could Name learn she was working with *T* ?,-19.462268607043374,-214.08495467747713,good,wh_island,768,syntax,island_effects,bigram5,-19.462268607043374,-19.515447016199843,TRUE
who could Name learn who was working with *T* ?,-19.450683579091727,-213.95751937000898,bad,wh_island,768,syntax,island_effects,bigram6,-19.450683579091727,-19.450683579091727,FALSE
who could Name learn she was working with *T* ?,-19.450683579091727,-213.95751937000898,good,wh_island,768,syntax,island_effects,bigram6,-19.450683579091727,-19.450683579091727,FALSE
who could Name learn who was working with *T* ?,-19.645052758315227,-216.0955803414675,bad,wh_island,768,syntax,island_effects,bigram7,-19.645052758315227,-19.645052758315227,FALSE
who could Name learn she was working with *T* ?,-19.645052758315227,-216.0955803414675,good,wh_island,768,syntax,island_effects,bigram7,-19.645052758315227,-19.645052758315227,FALSE
who could Name learn who was working with *T* ?,-19.6422890391801,-216.0651794309811,bad,wh_island,768,syntax,island_effects,bigram8,-19.58911063002363,-19.6422890391801,TRUE
who could Name learn she was working with *T* ?,-19.58911063002363,-215.48021693025993,good,wh_island,768,syntax,island_effects,bigram8,-19.58911063002363,-19.6422890391801,TRUE
who could Name learn who was working with *T* ?,-19.736235155440667,-217.09858670984732,bad,wh_island,768,syntax,island_effects,bigram9,-19.645326064531574,-19.736235155440667,TRUE
who could Name learn she was working with *T* ?,-19.645326064531574,-216.09858670984732,good,wh_island,768,syntax,island_effects,bigram9,-19.645326064531574,-19.736235155440667,TRUE
who has Name found out she hurt *T* ?,-19.471645494827072,-194.71645494827072,good,wh_island,779,syntax,island_effects,bigram1,-19.471645494827072,-19.37164549482707,FALSE
who has Name found out who hurt *T* ?,-19.37164549482707,-193.71645494827072,bad,wh_island,779,syntax,island_effects,bigram1,-19.471645494827072,-19.37164549482707,FALSE
who has Name found out she hurt *T* ?,-19.372568196308382,-193.72568196308387,good,wh_island,779,syntax,island_effects,bigram10,-19.372568196308382,-19.272568196308388,FALSE
who has Name found out who hurt *T* ?,-19.272568196308388,-192.72568196308387,bad,wh_island,779,syntax,island_effects,bigram10,-19.372568196308382,-19.272568196308388,FALSE
who has Name found out she hurt *T* ?,-19.447491618929945,-194.47491618929945,good,wh_island,779,syntax,island_effects,bigram2,-19.447491618929945,-19.347491618929944,FALSE
who has Name found out who hurt *T* ?,-19.347491618929944,-193.47491618929945,bad,wh_island,779,syntax,island_effects,bigram2,-19.447491618929945,-19.347491618929944,FALSE
who has Name found out she hurt *T* ?,-19.316434404891453,-193.16434404891453,good,wh_island,779,syntax,island_effects,bigram3,-19.316434404891453,-19.21643440489145,FALSE
who has Name found out who hurt *T* ?,-19.21643440489145,-192.16434404891453,bad,wh_island,779,syntax,island_effects,bigram3,-19.316434404891453,-19.21643440489145,FALSE
who has Name found out she hurt *T* ?,-19.290094045359385,-192.90094045359382,good,wh_island,779,syntax,island_effects,bigram4,-19.290094045359385,-19.19009404535938,FALSE
who has Name found out who hurt *T* ?,-19.19009404535938,-191.90094045359382,bad,wh_island,779,syntax,island_effects,bigram4,-19.290094045359385,-19.19009404535938,FALSE
who has Name found out she hurt *T* ?,-19.309774440927875,-193.09774440927876,good,wh_island,779,syntax,island_effects,bigram5,-19.309774440927875,-19.20977444092788,FALSE
who has Name found out who hurt *T* ?,-19.20977444092788,-192.09774440927876,bad,wh_island,779,syntax,island_effects,bigram5,-19.309774440927875,-19.20977444092788,FALSE
who has Name found out she hurt *T* ?,-19.352429172171384,-193.52429172171384,good,wh_island,779,syntax,island_effects,bigram6,-19.352429172171384,-19.252429172171382,FALSE
who has Name found out who hurt *T* ?,-19.252429172171382,-192.52429172171384,bad,wh_island,779,syntax,island_effects,bigram6,-19.352429172171384,-19.252429172171382,FALSE
who has Name found out she hurt *T* ?,-19.74419387388604,-197.44193873886042,good,wh_island,779,syntax,island_effects,bigram7,-19.74419387388604,-19.74419387388604,FALSE
who has Name found out who hurt *T* ?,-19.74419387388604,-197.44193873886042,bad,wh_island,779,syntax,island_effects,bigram7,-19.74419387388604,-19.74419387388604,FALSE
who has Name found out she hurt *T* ?,-19.393031114021067,-193.93031114021068,good,wh_island,779,syntax,island_effects,bigram8,-19.393031114021067,-19.29303111402107,FALSE
who has Name found out who hurt *T* ?,-19.29303111402107,-192.93031114021068,bad,wh_island,779,syntax,island_effects,bigram8,-19.393031114021067,-19.29303111402107,FALSE
who has Name found out she hurt *T* ?,-19.433820257820933,-194.33820257820935,good,wh_island,779,syntax,island_effects,bigram9,-19.433820257820933,-19.333820257820932,FALSE
who has Name found out who hurt *T* ?,-19.333820257820932,-193.33820257820935,bad,wh_island,779,syntax,island_effects,bigram9,-19.433820257820933,-19.333820257820932,FALSE
what does Name remember she thinks about *T* ?,-18.058008457842604,-180.58008457842604,good,wh_island,781,syntax,island_effects,bigram1,-18.058008457842604,-18.158008457842605,TRUE
what does Name remember who thinks about *T* ?,-18.158008457842605,-181.58008457842604,bad,wh_island,781,syntax,island_effects,bigram1,-18.058008457842604,-18.158008457842605,TRUE
what does Name remember she thinks about *T* ?,-18.026412053191148,-180.2641205319115,good,wh_island,781,syntax,island_effects,bigram10,-18.026412053191148,-18.026412053191148,FALSE
what does Name remember who thinks about *T* ?,-18.026412053191148,-180.2641205319115,bad,wh_island,781,syntax,island_effects,bigram10,-18.026412053191148,-18.026412053191148,FALSE
what does Name remember she thinks about *T* ?,-17.86942838367505,-178.69428383675051,good,wh_island,781,syntax,island_effects,bigram2,-17.86942838367505,-17.96942838367505,TRUE
what does Name remember who thinks about *T* ?,-17.96942838367505,-179.69428383675051,bad,wh_island,781,syntax,island_effects,bigram2,-17.86942838367505,-17.96942838367505,TRUE
what does Name remember she thinks about *T* ?,-18.113261569318357,-181.13261569318354,good,wh_island,781,syntax,island_effects,bigram3,-18.113261569318357,-18.113261569318357,FALSE
what does Name remember who thinks about *T* ?,-18.113261569318357,-181.13261569318354,bad,wh_island,781,syntax,island_effects,bigram3,-18.113261569318357,-18.113261569318357,FALSE
what does Name remember she thinks about *T* ?,-17.991318925620995,-179.91318925620996,good,wh_island,781,syntax,island_effects,bigram4,-17.991318925620995,-18.091318925621,TRUE
what does Name remember who thinks about *T* ?,-18.091318925621,-180.91318925620996,bad,wh_island,781,syntax,island_effects,bigram4,-17.991318925620995,-18.091318925621,TRUE
what does Name remember she thinks about *T* ?,-17.85248098431234,-178.5248098431234,good,wh_island,781,syntax,island_effects,bigram5,-17.85248098431234,-17.952480984312338,TRUE
what does Name remember who thinks about *T* ?,-17.952480984312338,-179.5248098431234,bad,wh_island,781,syntax,island_effects,bigram5,-17.85248098431234,-17.952480984312338,TRUE
what does Name remember she thinks about *T* ?,-17.94817761397964,-179.4817761397964,good,wh_island,781,syntax,island_effects,bigram6,-17.94817761397964,-17.94817761397964,FALSE
what does Name remember who thinks about *T* ?,-17.94817761397964,-179.4817761397964,bad,wh_island,781,syntax,island_effects,bigram6,-17.94817761397964,-17.94817761397964,FALSE
what does Name remember she thinks about *T* ?,-17.888867324589892,-178.88867324589893,good,wh_island,781,syntax,island_effects,bigram7,-17.888867324589892,-17.988867324589894,TRUE
what does Name remember who thinks about *T* ?,-17.988867324589894,-179.88867324589893,bad,wh_island,781,syntax,island_effects,bigram7,-17.888867324589892,-17.988867324589894,TRUE
what does Name remember she thinks about *T* ?,-18.048227836518603,-180.48227836518603,good,wh_island,781,syntax,island_effects,bigram8,-18.048227836518603,-18.048227836518603,FALSE
what does Name remember who thinks about *T* ?,-18.048227836518603,-180.48227836518603,bad,wh_island,781,syntax,island_effects,bigram8,-18.048227836518603,-18.048227836518603,FALSE
what does Name remember she thinks about *T* ?,-18.04593465031308,-180.4593465031308,good,wh_island,781,syntax,island_effects,bigram9,-18.04593465031308,-18.04593465031308,FALSE
what does Name remember who thinks about *T* ?,-18.04593465031308,-180.4593465031308,bad,wh_island,781,syntax,island_effects,bigram9,-18.04593465031308,-18.04593465031308,FALSE
what will n't Name find out who was walking through *T* ?,-18.91195533756769,-245.85541938837997,bad,wh_island,798,syntax,island_effects,bigram1,-18.866958222127604,-18.91195533756769,TRUE
what will n't Name find out she was walking through *T* ?,-18.866958222127604,-245.27045688765884,good,wh_island,798,syntax,island_effects,bigram1,-18.866958222127604,-18.91195533756769,TRUE
what will n't Name find out who was walking through *T* ?,-18.823128916578785,-244.7006759155242,bad,wh_island,798,syntax,island_effects,bigram10,-18.90005199350186,-18.823128916578785,FALSE
what will n't Name find out she was walking through *T* ?,-18.90005199350186,-245.7006759155242,good,wh_island,798,syntax,island_effects,bigram10,-18.90005199350186,-18.823128916578785,FALSE
what will n't Name find out who was walking through *T* ?,-18.742780956315144,-243.6561524320969,bad,wh_island,798,syntax,island_effects,bigram2,-18.69778384087505,-18.742780956315144,TRUE
what will n't Name find out she was walking through *T* ?,-18.69778384087505,-243.07118993137573,good,wh_island,798,syntax,island_effects,bigram2,-18.69778384087505,-18.742780956315144,TRUE
what will n't Name find out who was walking through *T* ?,-18.74312208074665,-243.66058704970652,bad,wh_island,798,syntax,island_effects,bigram3,-18.82004515766973,-18.74312208074665,FALSE
what will n't Name find out she was walking through *T* ?,-18.82004515766973,-244.66058704970652,good,wh_island,798,syntax,island_effects,bigram3,-18.82004515766973,-18.74312208074665,FALSE
what will n't Name find out who was walking through *T* ?,-18.921826925135957,-245.98375002676738,bad,wh_island,798,syntax,island_effects,bigram4,-18.876829809695863,-18.921826925135957,TRUE
what will n't Name find out she was walking through *T* ?,-18.876829809695863,-245.39878752604622,good,wh_island,798,syntax,island_effects,bigram4,-18.876829809695863,-18.921826925135957,TRUE
what will n't Name find out who was walking through *T* ?,-18.72383472550747,-243.4098514315971,bad,wh_island,798,syntax,island_effects,bigram5,-18.75576068699046,-18.72383472550747,FALSE
what will n't Name find out she was walking through *T* ?,-18.75576068699046,-243.82488893087597,good,wh_island,798,syntax,island_effects,bigram5,-18.75576068699046,-18.72383472550747,FALSE
what will n't Name find out who was walking through *T* ?,-18.848281156340523,-245.0276550324268,bad,wh_island,798,syntax,island_effects,bigram6,-18.9252042332636,-18.848281156340523,FALSE
what will n't Name find out she was walking through *T* ?,-18.9252042332636,-246.0276550324268,good,wh_island,798,syntax,island_effects,bigram6,-18.9252042332636,-18.848281156340523,FALSE
what will n't Name find out who was walking through *T* ?,-18.94711834293344,-246.31253845813467,bad,wh_island,798,syntax,island_effects,bigram7,-18.94711834293344,-18.94711834293344,FALSE
what will n't Name find out she was walking through *T* ?,-18.94711834293344,-246.31253845813467,good,wh_island,798,syntax,island_effects,bigram7,-18.94711834293344,-18.94711834293344,FALSE
what will n't Name find out who was walking through *T* ?,-18.730972239634934,-243.50263911525414,bad,wh_island,798,syntax,island_effects,bigram8,-18.76289820111792,-18.730972239634934,FALSE
what will n't Name find out she was walking through *T* ?,-18.76289820111792,-243.91767661453298,good,wh_island,798,syntax,island_effects,bigram8,-18.76289820111792,-18.730972239634934,FALSE
what will n't Name find out who was walking through *T* ?,-18.93817245208249,-246.19624187707242,bad,wh_island,798,syntax,island_effects,bigram9,-18.93817245208249,-18.93817245208249,FALSE
what will n't Name find out she was walking through *T* ?,-18.93817245208249,-246.19624187707242,good,wh_island,798,syntax,island_effects,bigram9,-18.93817245208249,-18.93817245208249,FALSE
what will Name know who has n't brought *T* ?,-18.826765513087963,-207.0944206439676,bad,wh_island,810,syntax,island_effects,bigram1,-18.69017457303985,-18.826765513087963,TRUE
what will Name know she has n't brought *T* ?,-18.69017457303985,-205.5919203034384,good,wh_island,810,syntax,island_effects,bigram1,-18.69017457303985,-18.826765513087963,TRUE
what will Name know who has n't brought *T* ?,-18.696695683308928,-205.6636525163982,bad,wh_island,810,syntax,island_effects,bigram10,-18.402419392645218,-18.696695683308928,TRUE
what will Name know she has n't brought *T* ?,-18.402419392645218,-202.42661331909738,good,wh_island,810,syntax,island_effects,bigram10,-18.402419392645218,-18.696695683308928,TRUE
what will Name know who has n't brought *T* ?,-18.784793941855103,-206.63273336040612,bad,wh_island,810,syntax,island_effects,bigram2,-18.48280047868352,-18.784793941855103,TRUE
what will Name know she has n't brought *T* ?,-18.48280047868352,-203.31080526551875,good,wh_island,810,syntax,island_effects,bigram2,-18.48280047868352,-18.784793941855103,TRUE
what will Name know who has n't brought *T* ?,-18.769190283637705,-206.46109312001477,bad,wh_island,810,syntax,island_effects,bigram3,-18.543913256655465,-18.769190283637705,TRUE
what will Name know she has n't brought *T* ?,-18.543913256655465,-203.98304582321012,good,wh_island,810,syntax,island_effects,bigram3,-18.543913256655465,-18.769190283637705,TRUE
what will Name know who has n't brought *T* ?,-18.707932768241644,-205.7872604506581,bad,wh_island,810,syntax,island_effects,bigram4,-18.42615679791884,-18.707932768241644,TRUE
what will Name know she has n't brought *T* ?,-18.42615679791884,-202.68772477710718,good,wh_island,810,syntax,island_effects,bigram4,-18.42615679791884,-18.707932768241644,TRUE
what will Name know who has n't brought *T* ?,-18.870293219272803,-207.57322541200082,bad,wh_island,810,syntax,island_effects,bigram5,-18.55111486297486,-18.870293219272803,TRUE
what will Name know she has n't brought *T* ?,-18.55111486297486,-204.06226349272345,good,wh_island,810,syntax,island_effects,bigram5,-18.55111486297486,-18.870293219272803,TRUE
what will Name know who has n't brought *T* ?,-18.934292223249045,-208.27721445573948,bad,wh_island,810,syntax,island_effects,bigram6,-18.615113866951106,-18.934292223249045,TRUE
what will Name know she has n't brought *T* ?,-18.615113866951106,-204.76625253646213,good,wh_island,810,syntax,island_effects,bigram6,-18.615113866951106,-18.934292223249045,TRUE
what will Name know who has n't brought *T* ?,-18.877939268136377,-207.65733194950013,bad,wh_island,810,syntax,island_effects,bigram7,-18.818659568447316,-18.877939268136377,TRUE
what will Name know she has n't brought *T* ?,-18.818659568447316,-207.00525525292045,good,wh_island,810,syntax,island_effects,bigram7,-18.818659568447316,-18.877939268136377,TRUE
what will Name know who has n't brought *T* ?,-18.774912477415,-206.52403725156495,bad,wh_island,810,syntax,island_effects,bigram8,-18.50425066618773,-18.774912477415,TRUE
what will Name know she has n't brought *T* ?,-18.50425066618773,-203.54675732806504,good,wh_island,810,syntax,island_effects,bigram8,-18.50425066618773,-18.774912477415,TRUE
what will Name know who has n't brought *T* ?,-18.76459980555805,-206.41059786113848,bad,wh_island,810,syntax,island_effects,bigram9,-18.483921365444377,-18.76459980555805,TRUE
what will Name know she has n't brought *T* ?,-18.483921365444377,-203.32313501988816,good,wh_island,810,syntax,island_effects,bigram9,-18.483921365444377,-18.76459980555805,TRUE
what might Name know she will n't sound like *T* ?,-18.745701136382337,-224.94841363658804,good,wh_island,831,syntax,island_effects,bigram1,-18.745701136382337,-17.948371463431048,FALSE
what might Name know what will n't sound like *T* ?,-17.948371463431048,-215.3804575611726,bad,wh_island,831,syntax,island_effects,bigram1,-18.745701136382337,-17.948371463431048,FALSE
what might Name know she will n't sound like *T* ?,-18.435960149175354,-221.23152179010424,good,wh_island,831,syntax,island_effects,bigram10,-18.435960149175354,-17.855799152578147,FALSE
what might Name know what will n't sound like *T* ?,-17.855799152578147,-214.26958983093778,bad,wh_island,831,syntax,island_effects,bigram10,-18.435960149175354,-17.855799152578147,FALSE
what might Name know she will n't sound like *T* ?,-18.412219847970373,-220.9466381756445,good,wh_island,831,syntax,island_effects,bigram2,-18.412219847970373,-17.841553439090795,FALSE
what might Name know what will n't sound like *T* ?,-17.841553439090795,-214.09864126908954,bad,wh_island,831,syntax,island_effects,bigram2,-18.412219847970373,-17.841553439090795,FALSE
what might Name know she will n't sound like *T* ?,-18.558501404968005,-222.70201685961607,good,wh_island,831,syntax,island_effects,bigram3,-18.558501404968005,-17.849518518284782,FALSE
what might Name know what will n't sound like *T* ?,-17.849518518284782,-214.19422221941738,bad,wh_island,831,syntax,island_effects,bigram3,-18.558501404968005,-17.849518518284782,FALSE
what might Name know she will n't sound like *T* ?,-18.529438406290573,-222.35326087548688,good,wh_island,831,syntax,island_effects,bigram4,-18.529438406290573,-17.905117314929765,FALSE
what might Name know what will n't sound like *T* ?,-17.905117314929765,-214.8614077791572,bad,wh_island,831,syntax,island_effects,bigram4,-18.529438406290573,-17.905117314929765,FALSE
what might Name know she will n't sound like *T* ?,-18.6099157817813,-223.3189893813756,good,wh_island,831,syntax,island_effects,bigram5,-18.6099157817813,-17.915672708605083,FALSE
what might Name know what will n't sound like *T* ?,-17.915672708605083,-214.98807250326098,bad,wh_island,831,syntax,island_effects,bigram5,-18.6099157817813,-17.915672708605083,FALSE
what might Name know she will n't sound like *T* ?,-18.529841763080565,-222.35810115696677,good,wh_island,831,syntax,island_effects,bigram6,-18.529841763080565,-17.90413717444167,FALSE
what might Name know what will n't sound like *T* ?,-17.90413717444167,-214.8496460933,bad,wh_island,831,syntax,island_effects,bigram6,-18.529841763080565,-17.90413717444167,FALSE
what might Name know she will n't sound like *T* ?,-18.63196739401861,-223.58360872822328,good,wh_island,831,syntax,island_effects,bigram7,-18.63196739401861,-17.86532803194891,FALSE
what might Name know what will n't sound like *T* ?,-17.86532803194891,-214.38393638338692,bad,wh_island,831,syntax,island_effects,bigram7,-18.63196739401861,-17.86532803194891,FALSE
what might Name know she will n't sound like *T* ?,-18.48069239617229,-221.76830875406748,good,wh_island,831,syntax,island_effects,bigram8,-18.48069239617229,-17.865239809739496,FALSE
what might Name know what will n't sound like *T* ?,-17.865239809739496,-214.38287771687396,bad,wh_island,831,syntax,island_effects,bigram8,-18.48069239617229,-17.865239809739496,FALSE
what might Name know she will n't sound like *T* ?,-18.4739497093692,-221.68739651243038,good,wh_island,831,syntax,island_effects,bigram9,-18.4739497093692,-17.871548151827877,FALSE
what might Name know what will n't sound like *T* ?,-17.871548151827877,-214.4585778219345,bad,wh_island,831,syntax,island_effects,bigram9,-18.4739497093692,-17.871548151827877,FALSE
what will Name forget who drives to *T* ?,-18.66187650465901,-186.61876504659008,bad,wh_island,884,syntax,island_effects,bigram1,-18.561876504659008,-18.66187650465901,TRUE
what will Name forget he drives to *T* ?,-18.561876504659008,-185.61876504659008,good,wh_island,884,syntax,island_effects,bigram1,-18.561876504659008,-18.66187650465901,TRUE
what will Name forget who drives to *T* ?,-18.59270855446339,-185.92708554463388,bad,wh_island,884,syntax,island_effects,bigram10,-18.492708554463388,-18.59270855446339,TRUE
what will Name forget he drives to *T* ?,-18.492708554463388,-184.92708554463388,good,wh_island,884,syntax,island_effects,bigram10,-18.492708554463388,-18.59270855446339,TRUE
what will Name forget who drives to *T* ?,-18.60671488968631,-186.0671488968631,bad,wh_island,884,syntax,island_effects,bigram2,-18.50671488968631,-18.60671488968631,TRUE
what will Name forget he drives to *T* ?,-18.50671488968631,-185.0671488968631,good,wh_island,884,syntax,island_effects,bigram2,-18.50671488968631,-18.60671488968631,TRUE
what will Name forget who drives to *T* ?,-18.585805941745456,-185.85805941745454,bad,wh_island,884,syntax,island_effects,bigram3,-18.48580594174545,-18.585805941745456,TRUE
what will Name forget he drives to *T* ?,-18.48580594174545,-184.85805941745454,good,wh_island,884,syntax,island_effects,bigram3,-18.48580594174545,-18.585805941745456,TRUE
what will Name forget who drives to *T* ?,-18.622716062726894,-186.22716062726897,bad,wh_island,884,syntax,island_effects,bigram4,-18.464219812654783,-18.622716062726894,TRUE
what will Name forget he drives to *T* ?,-18.464219812654783,-184.64219812654784,good,wh_island,884,syntax,island_effects,bigram4,-18.464219812654783,-18.622716062726894,TRUE
what will Name forget who drives to *T* ?,-18.63595066139938,-186.3595066139938,bad,wh_island,884,syntax,island_effects,bigram5,-18.63595066139938,-18.63595066139938,FALSE
what will Name forget he drives to *T* ?,-18.63595066139938,-186.3595066139938,good,wh_island,884,syntax,island_effects,bigram5,-18.63595066139938,-18.63595066139938,FALSE
what will Name forget who drives to *T* ?,-18.52039829431652,-185.2039829431652,bad,wh_island,884,syntax,island_effects,bigram6,-18.42039829431652,-18.52039829431652,TRUE
what will Name forget he drives to *T* ?,-18.42039829431652,-184.2039829431652,good,wh_island,884,syntax,island_effects,bigram6,-18.42039829431652,-18.52039829431652,TRUE
what will Name forget who drives to *T* ?,-18.66146480561472,-186.6146480561472,bad,wh_island,884,syntax,island_effects,bigram7,-18.5029685555426,-18.66146480561472,TRUE
what will Name forget he drives to *T* ?,-18.5029685555426,-185.029685555426,good,wh_island,884,syntax,island_effects,bigram7,-18.5029685555426,-18.66146480561472,TRUE
what will Name forget who drives to *T* ?,-18.54436167448169,-185.44361674481692,bad,wh_island,884,syntax,island_effects,bigram8,-18.44436167448169,-18.54436167448169,TRUE
what will Name forget he drives to *T* ?,-18.44436167448169,-184.44361674481692,good,wh_island,884,syntax,island_effects,bigram8,-18.44436167448169,-18.54436167448169,TRUE
what will Name forget who drives to *T* ?,-18.701278380888525,-187.01278380888525,bad,wh_island,884,syntax,island_effects,bigram9,-18.601278380888523,-18.701278380888525,TRUE
what will Name forget he drives to *T* ?,-18.601278380888523,-186.01278380888525,good,wh_island,884,syntax,island_effects,bigram9,-18.601278380888523,-18.701278380888525,TRUE
who does n't Name learn who thinks about *T* ?,-18.88885684634918,-207.777425309841,bad,wh_island,890,syntax,island_effects,bigram1,-18.707038664531,-18.88885684634918,TRUE
who does n't Name learn he thinks about *T* ?,-18.707038664531,-205.777425309841,good,wh_island,890,syntax,island_effects,bigram1,-18.707038664531,-18.88885684634918,TRUE
who does n't Name learn who thinks about *T* ?,-18.99285718085184,-208.92142898937024,bad,wh_island,890,syntax,island_effects,bigram10,-18.81103899903366,-18.99285718085184,TRUE
who does n't Name learn he thinks about *T* ?,-18.81103899903366,-206.92142898937024,good,wh_island,890,syntax,island_effects,bigram10,-18.81103899903366,-18.99285718085184,TRUE
who does n't Name learn who thinks about *T* ?,-18.683120680302636,-205.51432748332894,bad,wh_island,890,syntax,island_effects,bigram2,-18.472036308040146,-18.683120680302636,TRUE
who does n't Name learn he thinks about *T* ?,-18.472036308040146,-203.19239938844157,good,wh_island,890,syntax,island_effects,bigram2,-18.472036308040146,-18.683120680302636,TRUE
who does n't Name learn who thinks about *T* ?,-18.881370694140585,-207.6950776355464,bad,wh_island,890,syntax,island_effects,bigram3,-18.737283194075022,-18.881370694140585,TRUE
who does n't Name learn he thinks about *T* ?,-18.737283194075022,-206.11011513482524,good,wh_island,890,syntax,island_effects,bigram3,-18.737283194075022,-18.881370694140585,TRUE
who does n't Name learn who thinks about *T* ?,-18.779727329136588,-206.57700062050245,bad,wh_island,890,syntax,island_effects,bigram4,-18.568642956874097,-18.779727329136588,TRUE
who does n't Name learn he thinks about *T* ?,-18.568642956874097,-204.25507252561508,good,wh_island,890,syntax,island_effects,bigram4,-18.568642956874097,-18.779727329136588,TRUE
who does n't Name learn who thinks about *T* ?,-18.78454991655337,-206.63004908208706,bad,wh_island,890,syntax,island_effects,bigram5,-18.602731734735187,-18.78454991655337,TRUE
who does n't Name learn he thinks about *T* ?,-18.602731734735187,-204.63004908208706,good,wh_island,890,syntax,island_effects,bigram5,-18.602731734735187,-18.78454991655337,TRUE
who does n't Name learn who thinks about *T* ?,-18.811340393992488,-206.92474433391737,bad,wh_island,890,syntax,island_effects,bigram6,-18.60025602173,-18.811340393992488,TRUE
who does n't Name learn he thinks about *T* ?,-18.60025602173,-204.60281623903,good,wh_island,890,syntax,island_effects,bigram6,-18.60025602173,-18.811340393992488,TRUE
who does n't Name learn who thinks about *T* ?,-18.82365739651928,-207.06023136171206,bad,wh_island,890,syntax,island_effects,bigram7,-18.641839214701097,-18.82365739651928,TRUE
who does n't Name learn he thinks about *T* ?,-18.641839214701097,-205.06023136171206,good,wh_island,890,syntax,island_effects,bigram7,-18.641839214701097,-18.82365739651928,TRUE
who does n't Name learn who thinks about *T* ?,-18.96039432285674,-208.56433755142413,bad,wh_island,890,syntax,island_effects,bigram8,-18.77857614103856,-18.96039432285674,TRUE
who does n't Name learn he thinks about *T* ?,-18.77857614103856,-206.56433755142413,good,wh_island,890,syntax,island_effects,bigram8,-18.77857614103856,-18.96039432285674,TRUE
who does n't Name learn who thinks about *T* ?,-18.82278943679197,-207.05068380471172,bad,wh_island,890,syntax,island_effects,bigram9,-18.731880345882885,-18.82278943679197,TRUE
who does n't Name learn he thinks about *T* ?,-18.731880345882885,-206.05068380471172,good,wh_island,890,syntax,island_effects,bigram9,-18.731880345882885,-18.82278943679197,TRUE
what does n't Name know she would like *T* ?,-17.24154513489685,-189.65699648386533,good,wh_island,891,syntax,island_effects,bigram1,-17.24154513489685,-17.12672382527559,FALSE
what does n't Name know who would like *T* ?,-17.12672382527559,-188.3939620780315,bad,wh_island,891,syntax,island_effects,bigram1,-17.24154513489685,-17.12672382527559,FALSE
what does n't Name know she would like *T* ?,-17.215346793044567,-189.36881472349023,good,wh_island,891,syntax,island_effects,bigram10,-17.215346793044567,-17.248307709352268,TRUE
what does n't Name know who would like *T* ?,-17.248307709352268,-189.73138480287494,bad,wh_island,891,syntax,island_effects,bigram10,-17.215346793044567,-17.248307709352268,TRUE
what does n't Name know she would like *T* ?,-17.02113121240437,-187.23244333644809,good,wh_island,891,syntax,island_effects,bigram2,-17.02113121240437,-17.050397402848674,TRUE
what does n't Name know who would like *T* ?,-17.050397402848674,-187.55437143133543,bad,wh_island,891,syntax,island_effects,bigram2,-17.02113121240437,-17.050397402848674,TRUE
what does n't Name know she would like *T* ?,-17.188252144998582,-189.0707735949844,good,wh_island,891,syntax,island_effects,bigram3,-17.188252144998582,-17.197300842594117,TRUE
what does n't Name know who would like *T* ?,-17.197300842594117,-189.1703092685353,bad,wh_island,891,syntax,island_effects,bigram3,-17.188252144998582,-17.197300842594117,TRUE
what does n't Name know she would like *T* ?,-17.173937569304538,-188.91331326234993,good,wh_island,891,syntax,island_effects,bigram4,-17.173937569304538,-17.20689848561224,TRUE
what does n't Name know who would like *T* ?,-17.20689848561224,-189.27588334173464,bad,wh_island,891,syntax,island_effects,bigram4,-17.173937569304538,-17.20689848561224,TRUE
what does n't Name know she would like *T* ?,-17.123578665287436,-188.3593653181618,good,wh_island,891,syntax,island_effects,bigram5,-17.123578665287436,-17.267666165352995,TRUE
what does n't Name know who would like *T* ?,-17.267666165352995,-189.94432781888295,bad,wh_island,891,syntax,island_effects,bigram5,-17.123578665287436,-17.267666165352995,TRUE
what does n't Name know she would like *T* ?,-17.08342024168501,-187.9176226585351,good,wh_island,891,syntax,island_effects,bigram6,-17.08342024168501,-17.198241551306264,TRUE
what does n't Name know who would like *T* ?,-17.198241551306264,-189.18065706436892,bad,wh_island,891,syntax,island_effects,bigram6,-17.08342024168501,-17.198241551306264,TRUE
what does n't Name know she would like *T* ?,-17.180341695277207,-188.98375864804927,good,wh_island,891,syntax,island_effects,bigram7,-17.180341695277207,-17.016036702362882,FALSE
what does n't Name know who would like *T* ?,-17.016036702362882,-187.1764037259917,bad,wh_island,891,syntax,island_effects,bigram7,-17.180341695277207,-17.016036702362882,FALSE
what does n't Name know she would like *T* ?,-17.185408107213515,-189.03948917934866,good,wh_island,891,syntax,island_effects,bigram8,-17.185408107213515,-17.1769436159052,FALSE
what does n't Name know who would like *T* ?,-17.1769436159052,-188.9463797749572,bad,wh_island,891,syntax,island_effects,bigram8,-17.185408107213515,-17.1769436159052,FALSE
what does n't Name know she would like *T* ?,-17.25361866250748,-189.7898052875823,good,wh_island,891,syntax,island_effects,bigram9,-17.25361866250748,-17.16270957159839,FALSE
what does n't Name know who would like *T* ?,-17.16270957159839,-188.7898052875823,bad,wh_island,891,syntax,island_effects,bigram9,-17.25361866250748,-17.16270957159839,FALSE
what can n't Name remember who has n't run around *T* ?,-18.81026856103789,-244.5334912934926,bad,wh_island,922,syntax,island_effects,bigram1,-18.495848342480176,-18.81026856103789,TRUE
what can n't Name remember she has n't run around *T* ?,-18.495848342480176,-240.44602845224227,good,wh_island,922,syntax,island_effects,bigram1,-18.495848342480176,-18.81026856103789,TRUE
what can n't Name remember who has n't run around *T* ?,-18.88166822951208,-245.46168698365705,bad,wh_island,922,syntax,island_effects,bigram10,-18.53863502807844,-18.88166822951208,TRUE
what can n't Name remember she has n't run around *T* ?,-18.53863502807844,-241.00225536501975,good,wh_island,922,syntax,island_effects,bigram10,-18.53863502807844,-18.88166822951208,TRUE
what can n't Name remember who has n't run around *T* ?,-18.78114146203986,-244.15483900651816,bad,wh_island,922,syntax,island_effects,bigram2,-18.448685454740836,-18.78114146203986,TRUE
what can n't Name remember she has n't run around *T* ?,-18.448685454740836,-239.83291091163085,good,wh_island,922,syntax,island_effects,bigram2,-18.448685454740836,-18.78114146203986,TRUE
what can n't Name remember who has n't run around *T* ?,-18.97421800160052,-246.6648340208067,bad,wh_island,922,syntax,island_effects,bigram3,-18.689568792512738,-18.97421800160052,TRUE
what can n't Name remember she has n't run around *T* ?,-18.689568792512738,-242.9643943026656,good,wh_island,922,syntax,island_effects,bigram3,-18.689568792512738,-18.97421800160052,TRUE
what can n't Name remember who has n't run around *T* ?,-18.86304670550239,-245.21960717153107,bad,wh_island,922,syntax,island_effects,bigram4,-18.53059069820336,-18.86304670550239,TRUE
what can n't Name remember she has n't run around *T* ?,-18.53059069820336,-240.8976790766437,good,wh_island,922,syntax,island_effects,bigram4,-18.53059069820336,-18.86304670550239,TRUE
what can n't Name remember who has n't run around *T* ?,-18.849503413775373,-245.04354437907986,bad,wh_island,922,syntax,island_effects,bigram5,-18.5227397588951,-18.849503413775373,TRUE
what can n't Name remember she has n't run around *T* ?,-18.5227397588951,-240.79561686563628,good,wh_island,922,syntax,island_effects,bigram5,-18.5227397588951,-18.849503413775373,TRUE
what can n't Name remember who has n't run around *T* ?,-18.921428554148854,-245.9785712039351,bad,wh_island,922,syntax,island_effects,bigram6,-18.59466489926858,-18.921428554148854,TRUE
what can n't Name remember she has n't run around *T* ?,-18.59466489926858,-241.73064369049152,good,wh_island,922,syntax,island_effects,bigram6,-18.59466489926858,-18.921428554148854,TRUE
what can n't Name remember who has n't run around *T* ?,-18.88607610273862,-245.51898933560204,bad,wh_island,922,syntax,island_effects,bigram7,-18.61996597822806,-18.88607610273862,TRUE
what can n't Name remember she has n't run around *T* ?,-18.61996597822806,-242.05955771696478,good,wh_island,922,syntax,island_effects,bigram7,-18.61996597822806,-18.88607610273862,TRUE
what can n't Name remember who has n't run around *T* ?,-18.882818762055475,-245.4766439067212,bad,wh_island,922,syntax,island_effects,bigram8,-18.544948191072496,-18.882818762055475,TRUE
what can n't Name remember she has n't run around *T* ?,-18.544948191072496,-241.08432648394245,good,wh_island,922,syntax,island_effects,bigram8,-18.544948191072496,-18.882818762055475,TRUE
what can n't Name remember who has n't run around *T* ?,-18.801508728511312,-244.41961347064705,bad,wh_island,922,syntax,island_effects,bigram9,-18.487088509953598,-18.801508728511312,TRUE
what can n't Name remember she has n't run around *T* ?,-18.487088509953598,-240.33215062939672,good,wh_island,922,syntax,island_effects,bigram9,-18.487088509953598,-18.801508728511312,TRUE
who does Name figure out what scared *T* ?,-19.00160152301296,-190.0160152301296,bad,wh_island,928,syntax,island_effects,bigram1,-19.20160152301296,-19.00160152301296,FALSE
who does Name figure out he scared *T* ?,-19.20160152301296,-192.0160152301296,good,wh_island,928,syntax,island_effects,bigram1,-19.20160152301296,-19.00160152301296,FALSE
who does Name figure out what scared *T* ?,-18.94037538681965,-189.4037538681965,bad,wh_island,928,syntax,island_effects,bigram10,-19.198871636891766,-18.94037538681965,FALSE
who does Name figure out he scared *T* ?,-19.198871636891766,-191.98871636891766,good,wh_island,928,syntax,island_effects,bigram10,-19.198871636891766,-18.94037538681965,FALSE
who does Name figure out what scared *T* ?,-18.83874533480491,-188.3874533480491,bad,wh_island,928,syntax,island_effects,bigram2,-19.038745334804908,-18.83874533480491,FALSE
who does Name figure out he scared *T* ?,-19.038745334804908,-190.3874533480491,good,wh_island,928,syntax,island_effects,bigram2,-19.038745334804908,-18.83874533480491,FALSE
who does Name figure out what scared *T* ?,-18.728017352980608,-187.28017352980606,bad,wh_island,928,syntax,island_effects,bigram3,-19.00875284518637,-18.728017352980608,FALSE
who does Name figure out he scared *T* ?,-19.00875284518637,-190.08752845186368,good,wh_island,928,syntax,island_effects,bigram3,-19.00875284518637,-18.728017352980608,FALSE
who does Name figure out what scared *T* ?,-19.005294354703885,-190.05294354703886,bad,wh_island,928,syntax,island_effects,bigram4,-19.205294354703888,-19.005294354703885,FALSE
who does Name figure out he scared *T* ?,-19.205294354703888,-192.05294354703886,good,wh_island,928,syntax,island_effects,bigram4,-19.205294354703888,-19.005294354703885,FALSE
who does Name figure out what scared *T* ?,-18.934285690711526,-189.34285690711528,bad,wh_island,928,syntax,island_effects,bigram5,-19.166478500200263,-18.934285690711526,FALSE
who does Name figure out he scared *T* ?,-19.166478500200263,-191.66478500200265,good,wh_island,928,syntax,island_effects,bigram5,-19.166478500200263,-18.934285690711526,FALSE
who does Name figure out what scared *T* ?,-18.8295473031218,-188.295473031218,bad,wh_island,928,syntax,island_effects,bigram6,-19.06174011261053,-18.8295473031218,FALSE
who does Name figure out he scared *T* ?,-19.06174011261053,-190.6174011261053,good,wh_island,928,syntax,island_effects,bigram6,-19.06174011261053,-18.8295473031218,FALSE
who does Name figure out what scared *T* ?,-18.806472820847187,-188.06472820847188,bad,wh_island,928,syntax,island_effects,bigram7,-19.087208313052948,-18.806472820847187,FALSE
who does Name figure out he scared *T* ?,-19.087208313052948,-190.87208313052946,good,wh_island,928,syntax,island_effects,bigram7,-19.087208313052948,-18.806472820847187,FALSE
who does Name figure out what scared *T* ?,-19.06083830453233,-190.6083830453233,bad,wh_island,928,syntax,island_effects,bigram8,-19.26083830453233,-19.06083830453233,FALSE
who does Name figure out he scared *T* ?,-19.26083830453233,-192.6083830453233,good,wh_island,928,syntax,island_effects,bigram8,-19.26083830453233,-19.06083830453233,FALSE
who does Name figure out what scared *T* ?,-18.83438491413505,-188.3438491413505,bad,wh_island,928,syntax,island_effects,bigram9,-19.092881164207164,-18.83438491413505,FALSE
who does Name figure out he scared *T* ?,-19.092881164207164,-190.92881164207165,good,wh_island,928,syntax,island_effects,bigram9,-19.092881164207164,-18.83438491413505,FALSE
who does n't Name remember what sounded like *T* ?,-18.059997066208435,-198.6599677282928,bad,wh_island,974,syntax,island_effects,bigram1,-18.34817206633956,-18.059997066208435,FALSE
who does n't Name remember she sounded like *T* ?,-18.34817206633956,-201.82989272973512,good,wh_island,974,syntax,island_effects,bigram1,-18.34817206633956,-18.059997066208435,FALSE
who does n't Name remember what sounded like *T* ?,-18.21221987818184,-200.3344186600002,bad,wh_island,974,syntax,island_effects,bigram10,-18.50039487831296,-18.21221987818184,FALSE
who does n't Name remember she sounded like *T* ?,-18.50039487831296,-203.50434366144253,good,wh_island,974,syntax,island_effects,bigram10,-18.50039487831296,-18.21221987818184,FALSE
who does n't Name remember what sounded like *T* ?,-17.88481525180039,-196.73296776980428,bad,wh_island,974,syntax,island_effects,bigram2,-18.210720933684133,-17.88481525180039,FALSE
who does n't Name remember she sounded like *T* ?,-18.210720933684133,-200.31793027052547,good,wh_island,974,syntax,island_effects,bigram2,-18.210720933684133,-17.88481525180039,FALSE
who does n't Name remember what sounded like *T* ?,-18.0831504582978,-198.91465504127578,bad,wh_island,974,syntax,island_effects,bigram3,-18.37132545842892,-18.0831504582978,FALSE
who does n't Name remember she sounded like *T* ?,-18.37132545842892,-202.0845800427181,good,wh_island,974,syntax,island_effects,bigram3,-18.37132545842892,-18.0831504582978,FALSE
who does n't Name remember what sounded like *T* ?,-17.9919198294907,-197.91111812439772,bad,wh_island,974,syntax,island_effects,bigram4,-18.29391329266228,-17.9919198294907,FALSE
who does n't Name remember she sounded like *T* ?,-18.29391329266228,-201.2330462192851,good,wh_island,974,syntax,island_effects,bigram4,-18.29391329266228,-17.9919198294907,FALSE
who does n't Name remember what sounded like *T* ?,-18.05824512057151,-198.6406963262866,bad,wh_island,974,syntax,island_effects,bigram5,-18.33097239329878,-18.05824512057151,FALSE
who does n't Name remember she sounded like *T* ?,-18.33097239329878,-201.6406963262866,good,wh_island,974,syntax,island_effects,bigram5,-18.33097239329878,-18.05824512057151,FALSE
who does n't Name remember what sounded like *T* ?,-18.09839945368214,-199.08239399050356,bad,wh_island,974,syntax,island_effects,bigram6,-18.38657445381326,-18.09839945368214,FALSE
who does n't Name remember she sounded like *T* ?,-18.38657445381326,-202.25231899194586,good,wh_island,974,syntax,island_effects,bigram6,-18.38657445381326,-18.09839945368214,FALSE
who does n't Name remember what sounded like *T* ?,-18.0754240917209,-198.8296650089299,bad,wh_island,974,syntax,island_effects,bigram7,-18.34815136444817,-18.0754240917209,FALSE
who does n't Name remember she sounded like *T* ?,-18.34815136444817,-201.8296650089299,good,wh_island,974,syntax,island_effects,bigram7,-18.34815136444817,-18.0754240917209,FALSE
who does n't Name remember what sounded like *T* ?,-18.19981957610712,-200.19801533717833,bad,wh_island,974,syntax,island_effects,bigram8,-18.472546848834394,-18.19981957610712,FALSE
who does n't Name remember she sounded like *T* ?,-18.472546848834394,-203.19801533717833,good,wh_island,974,syntax,island_effects,bigram8,-18.472546848834394,-18.19981957610712,FALSE
who does n't Name remember what sounded like *T* ?,-18.03738850181529,-198.4112735199682,bad,wh_island,974,syntax,island_effects,bigram9,-18.32556350194641,-18.03738850181529,FALSE
who does n't Name remember she sounded like *T* ?,-18.32556350194641,-201.5811985214105,good,wh_island,974,syntax,island_effects,bigram9,-18.32556350194641,-18.03738850181529,FALSE
what can Name remember she took *T* ?,-18.701407037709814,-168.31266333938834,good,wh_island,977,syntax,island_effects,bigram1,-18.701407037709814,-18.701407037709814,FALSE
what can Name remember who took *T* ?,-18.701407037709814,-168.31266333938834,bad,wh_island,977,syntax,island_effects,bigram1,-18.701407037709814,-18.701407037709814,FALSE
what can Name remember she took *T* ?,-18.66805780787685,-168.0125202708916,good,wh_island,977,syntax,island_effects,bigram10,-18.66805780787685,-18.66805780787685,FALSE
what can Name remember who took *T* ?,-18.66805780787685,-168.0125202708916,bad,wh_island,977,syntax,island_effects,bigram10,-18.66805780787685,-18.66805780787685,FALSE
what can Name remember she took *T* ?,-18.513824575678395,-166.62442118110556,good,wh_island,977,syntax,island_effects,bigram2,-18.513824575678395,-18.513824575678395,FALSE
what can Name remember who took *T* ?,-18.513824575678395,-166.62442118110556,bad,wh_island,977,syntax,island_effects,bigram2,-18.513824575678395,-18.513824575678395,FALSE
what can Name remember she took *T* ?,-18.75098349476556,-168.75885145289004,good,wh_island,977,syntax,island_effects,bigram3,-18.75098349476556,-18.75098349476556,FALSE
what can Name remember who took *T* ?,-18.75098349476556,-168.75885145289004,bad,wh_island,977,syntax,island_effects,bigram3,-18.75098349476556,-18.75098349476556,FALSE
what can Name remember she took *T* ?,-18.790138294313135,-169.11124464881823,good,wh_island,977,syntax,island_effects,bigram4,-18.790138294313135,-18.790138294313135,FALSE
what can Name remember who took *T* ?,-18.790138294313135,-169.11124464881823,bad,wh_island,977,syntax,island_effects,bigram4,-18.790138294313135,-18.790138294313135,FALSE
what can Name remember she took *T* ?,-18.64457107162214,-167.80113964459926,good,wh_island,977,syntax,island_effects,bigram5,-18.64457107162214,-18.64457107162214,FALSE
what can Name remember who took *T* ?,-18.64457107162214,-167.80113964459926,bad,wh_island,977,syntax,island_effects,bigram5,-18.64457107162214,-18.64457107162214,FALSE
what can Name remember she took *T* ?,-18.604877067441954,-167.44389360697758,good,wh_island,977,syntax,island_effects,bigram6,-18.604877067441954,-18.604877067441954,FALSE
what can Name remember who took *T* ?,-18.604877067441954,-167.44389360697758,bad,wh_island,977,syntax,island_effects,bigram6,-18.604877067441954,-18.604877067441954,FALSE
what can Name remember she took *T* ?,-18.57432214502016,-167.1688993051814,good,wh_island,977,syntax,island_effects,bigram7,-18.57432214502016,-18.57432214502016,FALSE
what can Name remember who took *T* ?,-18.57432214502016,-167.1688993051814,bad,wh_island,977,syntax,island_effects,bigram7,-18.57432214502016,-18.57432214502016,FALSE
what can Name remember she took *T* ?,-18.56150914350512,-167.05358229154606,good,wh_island,977,syntax,island_effects,bigram8,-18.56150914350512,-18.56150914350512,FALSE
what can Name remember who took *T* ?,-18.56150914350512,-167.05358229154606,bad,wh_island,977,syntax,island_effects,bigram8,-18.56150914350512,-18.56150914350512,FALSE
what can Name remember she took *T* ?,-18.681060325495743,-168.1295429294617,good,wh_island,977,syntax,island_effects,bigram9,-18.681060325495743,-18.681060325495743,FALSE
what can Name remember who took *T* ?,-18.681060325495743,-168.1295429294617,bad,wh_island,977,syntax,island_effects,bigram9,-18.681060325495743,-18.681060325495743,FALSE
